37.400053 19.286016 1.511970 21.047973 12.844354 96.960360 97.629708 95.563138 96.597323 114.829539 49.537791 0.564535 33.809194 66.313635 35.158075 82.956232 108.178264 49.547900 
37.400486 19.222462 1.512520 21.285761 12.880091 97.208574 97.824384 95.745790 96.802038 115.234410 50.140619 0.564493 33.660891 66.271197 35.169758 82.873562 108.515185 49.066500 
37.401566 19.214974 1.514125 21.282443 11.742193 97.206412 98.027961 95.754812 96.806830 115.116846 49.920530 0.564505 33.461069 66.256138 35.205304 83.196118 108.509697 48.339200 
37.401527 19.247630 1.516402 21.319092 12.936197 97.084582 97.856691 95.664793 96.706344 114.923745 50.740105 0.564422 33.328278 66.271725 35.220742 83.431013 108.291720 48.096700 
37.400983 19.263861 1.513484 21.306139 11.862854 97.230873 97.742580 95.790960 96.825522 115.141839 49.873425 0.564501 33.831662 66.494024 35.184110 83.181872 108.393240 48.409500 
37.401066 19.284258 1.514397 21.224408 12.329082 97.171213 97.716562 95.750063 96.780390 115.001691 49.944885 0.564435 33.800271 66.482429 35.224752 83.456633 108.337483 48.172700 
37.401221 19.333975 1.513801 21.178536 10.982477 97.094308 97.834760 95.691830 96.719712 114.871745 49.495202 0.564538 33.702114 66.390158 35.294704 83.571140 108.155091 47.631200 
37.401698 19.301628 1.513517 21.156938 12.062763 97.268989 97.819917 95.835985 96.875240 115.057206 49.740795 0.564419 33.748871 66.372836 35.305910 83.616963 108.340266 47.970500 
37.400595 19.390363 1.512080 21.192936 12.098918 97.194057 97.738346 95.768384 96.804362 115.010451 49.650731 0.564507 33.852127 66.420108 35.342387 83.180096 108.222439 47.927100 
37.401020 19.294698 1.513527 21.308076 11.647160 97.153152 97.774803 95.730434 96.763309 114.998720 49.853582 0.564525 33.750280 66.427617 35.213152 83.255199 108.221966 48.297600 
37.400336 19.311855 1.511965 21.183355 12.528267 97.168622 97.689077 95.741498 96.778225 115.047965 49.737836 0.564514 33.852536 66.396911 35.207228 83.088459 108.150655 48.575700 
37.400591 19.302796 1.513399 21.324543 11.078599 97.045404 97.752005 95.640725 96.669185 114.887694 49.661590 0.564561 33.743199 66.442281 35.178440 83.144098 108.064950 48.539400 
37.400251 19.309094 1.512029 21.482504 11.578482 97.062816 97.728441 95.641157 96.677027 115.001745 49.881360 0.564570 33.791180 66.409638 35.146213 82.733603 108.104466 48.638000 
37.400786 19.231935 1.513374 21.328147 11.394796 97.149431 97.754950 95.724271 96.756293 115.046366 49.804507 0.564548 33.758198 66.428118 35.124414 83.173462 108.161866 48.904700 
37.400909 19.224326 1.512621 21.385940 11.198029 97.226445 97.753264 95.793201 96.824774 115.154080 49.796572 0.564561 33.792687 66.441490 35.096154 83.169555 107.870417 48.318000 
37.400437 19.215573 1.512909 21.203915 12.603440 97.115592 97.645122 95.708970 96.735799 114.973773 50.016416 0.564522 33.785621 66.414795 35.082506 83.468689 107.541826 48.037900 
37.400486 19.231457 1.512140 21.518628 13.291892 97.180834 97.664160 95.748714 96.788578 115.152928 51.332541 0.564539 33.685308 66.344636 35.069777 83.045497 107.102191 48.086700 
37.400324 19.319995 1.511024 21.624798 11.437302 97.181815 97.638879 95.782634 96.803513 115.055560 50.117335 0.564581 33.829727 66.407319 35.040827 83.058621 104.800766 47.853700 
37.400246 19.326882 1.511006 21.503482 13.294891 97.223209 97.607218 95.814297 96.845119 115.116931 51.011183 0.564571 33.820124 66.348254 35.056321 83.115681 104.903615 47.927600 
37.400110 19.421175 1.510811 21.462546 12.086520 97.083700 97.611296 95.700230 96.723789 114.905984 49.996454 0.564582 33.825631 66.313175 35.064996 83.005831 104.256913 48.127000 
37.400255 19.427288 1.510834 21.278915 12.117237 97.221549 97.648963 95.831619 96.859385 114.981235 49.767170 0.564579 33.829099 66.284211 35.126345 83.321262 104.625531 48.797700 
37.400492 19.403973 1.510915 21.246120 12.631887 97.264923 97.688305 95.870613 96.906073 114.990186 49.989409 0.564572 33.708567 66.231831 35.152370 83.589461 104.719748 48.878400 
37.400338 19.480505 1.510853 21.374592 13.167844 97.266796 97.729408 95.841845 96.894685 115.074324 50.349673 0.564570 33.698688 66.212449 35.252640 83.018444 105.453303 49.554700 
37.400336 19.470097 1.510949 21.235393 13.333969 97.216087 97.677318 95.810908 96.853789 114.968330 50.286686 0.564554 33.723296 66.230902 35.259554 83.332213 105.448035 49.558900 
37.400881 19.590618 1.510919 21.254685 12.677996 97.371054 97.723473 95.964760 97.003989 115.021495 49.878469 0.564555 33.839690 66.308459 35.461566 83.510493 105.578591 49.981700 
37.697797 19.178207 1.811026 23.356184 11.221995 97.438221 99.888739 95.930290 96.956918 115.220221 58.581358 0.551226 32.870932 67.132141 35.793586 84.481728 108.931889 49.863300 
37.696675 19.221383 1.808860 23.456926 11.269661 97.408997 99.644397 95.906621 96.930945 115.194518 58.655990 0.552829 32.906848 67.146453 35.818477 84.377743 108.930029 49.455400 
37.698083 19.314354 1.785330 23.852771 11.801192 97.720942 99.549859 96.214534 97.252814 115.549706 59.764885 0.557757 32.945920 67.125031 35.753583 84.326455 108.884602 48.239700 
37.694811 19.554119 1.769532 23.878089 11.792416 97.431222 98.654352 95.985376 96.987666 115.029223 59.676472 0.561174 33.062710 67.185448 35.959581 84.356134 108.751533 48.268000 
37.698637 19.635669 1.715165 24.099575 12.084065 97.793035 99.463602 96.311747 97.350080 115.504015 60.235555 0.562026 33.000127 67.134855 36.091607 84.241174 108.581865 48.096500 