1.27674755
1.26580362
3.21043246
2.11427413
2.46981464
2.57254980
2.32709329
2.24240619
2.06201477
2.04327070
1.92415830
2.57659825
2.39923240
2.33010400
2.21456178
2.16631485
2.14805913
2.09824700
2.02729675
1.94573252
2.50694355
2.39027673
2.34152797
2.32307744
2.27272029
2.20096049
2.11841826
2.74955301
2.75596542
1.25331083
2.47585051
2.29019695
2.24163525
2.22325513
2.17308996
2.10160602
2.01939018
2.64754609
2.65387493
1.42002650
2.52443558
2.50615025
2.45629342
2.38534725
2.30383809
2.68896299
2.75878143
2.93410447
1.80023965
1.78666971
1.74179998
1.84846173
1.67956012
1.60983614
1.96242368
2.03579597
2.24404879
2.25294669
1.10049749
0.91938163
1.88072818
1.81670315
1.92648341
1.75049928
1.67489583
2.03765826
2.10552627
2.27997105
2.28665686
1.12651460
0.96123085
2.48984670
2.50816300
2.55660429
2.36880721
2.28711651
2.67288658
2.74272936
2.91783184
1.78249921
1.75900426
1.78371077
1.82933459
1.84637701
1.89236415
1.65008991
2.00928591
2.08506532
2.30255206
2.31194196
1.13308968
0.94305528
1.58153520
1.29251288
1.11879622
1.10336989
1.06484075
1.03464108
2.57946840
1.53137545
1.14942748
0.84483481
0.64574740
1.87986862
1.94888728
1.99745128
2.01527549
2.06245736
2.17597849
2.24433752
2.41543618
1.31541822
1.22568161
1.05690040
0.57278459
0.53322753
0.50381474
1.11716405
1.17295120
0.47452171
2.30984848
2.25778782
2.21248922
2.73174494
2.77605699
2.85834823
2.96021189
2.25493210
2.19017027
2.14918353
2.42327255
2.67520829
2.75782579
1.07349014
1.14252629
1.15795159
1.33074607
1.61666856
1.66415290
0.98885991
0.95454469
1.67038035
1.74140706
1.85107516
1.86828240
1.90982875
1.95276230
1.96905375
2.13114149
2.39621030
1.08353650
1.61291006
1.68589248
1.79568024
1.81251507
0.74553815
1.04025764
1.37512417
1.12043916
