2.799999999999999822e+00 2.149999999999999911e+00 1.000000000000000000e+00 4.400000000000000022e-01 5.000000000000000278e-02 1.297000000000000000e+03 1.168900000000000000e+04 3.600000000000000000e+01 -7.429999999999999716e+01 4.679999999999999716e+01 -7.299999999999999822e+00 9.699999999999999734e-01 1.809200000000000000e+04
2.899999999999999911e+00 2.100000000000000089e+00 9.799999999999999822e-01 4.400000000000000022e-01 2.000000000000000042e-02 1.307000000000000000e+03 1.114200000000000000e+04 4.000000000000000000e+01 -7.359999999999999432e+01 4.179999999999999716e+01 -7.200000000000000178e+00 9.949999999999999956e-01 1.714500000000000000e+04
2.799999999999999822e+00 2.049999999999999822e+00 9.799999999999999822e-01 4.600000000000000200e-01 2.000000000000000042e-02 1.271000000000000000e+03 1.083400000000000000e+04 4.100000000000000000e+01 -7.450000000000000000e+01 4.210000000000000142e+01 -6.299999999999999822e+00 9.399999999999999467e-01 1.606600000000000000e+04
3.000000000000000000e+00 2.060000000000000053e+00 9.499999999999999556e-01 4.299999999999999933e-01 4.000000000000000083e-02 1.292000000000000000e+03 1.034500000000000000e+04 3.700000000000000000e+01 -7.379999999999999716e+01 4.450000000000000000e+01 -7.200000000000000178e+00 9.100000000000000311e-01 1.618800000000000000e+04
3.000000000000000000e+00 1.969999999999999973e+00 9.399999999999999467e-01 4.500000000000000111e-01 5.999999999999999778e-02 1.287000000000000000e+03 1.028600000000000000e+04 2.800000000000000000e+01 -7.350000000000000000e+01 4.929999999999999716e+01 -9.000000000000000000e+00 9.909999999999999920e-01 1.647900000000000000e+04
3.100000000000000089e+00 1.969999999999999973e+00 9.399999999999999467e-01 4.500000000000000111e-01 5.999999999999999778e-02 1.282000000000000000e+03 1.080600000000000000e+04 3.000000000000000000e+01 -7.450000000000000000e+01 4.750000000000000000e+01 -7.200000000000000178e+00 9.050000000000000266e-01 1.664200000000000000e+04
3.000000000000000000e+00 1.969999999999999973e+00 9.200000000000000400e-01 4.299999999999999933e-01 5.999999999999999778e-02 1.286000000000000000e+03 1.026800000000000000e+04 2.900000000000000000e+01 -7.429999999999999716e+01 4.929999999999999716e+01 -7.400000000000000355e+00 8.539999999999999813e-01 1.715300000000000000e+04
3.200000000000000178e+00 2.060000000000000053e+00 9.799999999999999822e-01 4.699999999999999734e-01 2.999999999999999889e-02 1.274000000000000000e+03 1.090400000000000000e+04 2.900000000000000000e+01 -7.440000000000000568e+01 4.929999999999999716e+01 -7.500000000000000000e+00 8.760000000000000009e-01 1.520100000000000000e+04
3.000000000000000000e+00 2.109999999999999876e+00 9.599999999999999645e-01 4.299999999999999933e-01 5.000000000000000278e-02 1.306000000000000000e+03 1.028200000000000000e+04 2.700000000000000000e+01 -7.400000000000000000e+01 4.850000000000000000e+01 -8.199999999999999289e+00 9.579999999999999627e-01 1.711200000000000000e+04
2.700000000000000178e+00 2.069999999999999840e+00 9.399999999999999467e-01 4.199999999999999845e-01 5.000000000000000278e-02 1.268000000000000000e+03 1.062000000000000000e+04 3.500000000000000000e+01 -7.420000000000000284e+01 4.060000000000000142e+01 -5.500000000000000000e+00 8.880000000000000115e-01 1.757700000000000000e+04
3.100000000000000089e+00 2.120000000000000107e+00 9.599999999999999645e-01 4.199999999999999845e-01 1.000000000000000021e-02 1.284000000000000000e+03 1.053900000000000000e+04 3.000000000000000000e+01 -7.359999999999999432e+01 4.650000000000000000e+01 -6.900000000000000355e+00 9.180000000000000382e-01 1.728700000000000000e+04
3.200000000000000178e+00 2.149999999999999911e+00 9.499999999999999556e-01 4.099999999999999756e-01 2.000000000000000042e-02 1.283000000000000000e+03 1.079700000000000000e+04 3.000000000000000000e+01 -7.400000000000000000e+01 4.350000000000000000e+01 -6.500000000000000000e+00 8.429999999999999716e-01 1.729200000000000000e+04
2.899999999999999911e+00 2.009999999999999787e+00 9.499999999999999556e-01 4.400000000000000022e-01 4.000000000000000083e-02 1.272000000000000000e+03 1.084600000000000000e+04 3.100000000000000000e+01 -7.420000000000000284e+01 4.570000000000000284e+01 -6.799999999999999822e+00 8.239999999999999547e-01 1.830200000000000000e+04
2.899999999999999911e+00 2.040000000000000036e+00 9.799999999999999822e-01 4.500000000000000111e-01 2.000000000000000042e-02 1.281000000000000000e+03 1.053300000000000000e+04 3.000000000000000000e+01 -7.390000000000000568e+01 4.189999999999999858e+01 -6.500000000000000000e+00 8.619999999999999885e-01 1.666200000000000000e+04
3.200000000000000178e+00 2.000000000000000000e+00 9.699999999999999734e-01 4.799999999999999822e-01 1.000000000000000021e-02 1.272000000000000000e+03 1.120600000000000000e+04 3.400000000000000000e+01 -7.420000000000000284e+01 4.170000000000000284e+01 -6.099999999999999645e+00 8.790000000000000036e-01 1.852700000000000000e+04
3.100000000000000089e+00 1.929999999999999938e+00 9.399999999999999467e-01 4.699999999999999734e-01 0.000000000000000000e+00 1.268000000000000000e+03 1.052300000000000000e+04 3.300000000000000000e+01 -7.429999999999999716e+01 4.039999999999999858e+01 -5.599999999999999645e+00 8.860000000000000098e-01 1.660600000000000000e+04
3.299999999999999822e+00 1.879999999999999893e+00 9.599999999999999645e-01 5.000000000000000000e-01 7.000000000000000666e-02 1.281000000000000000e+03 1.023200000000000000e+04 3.600000000000000000e+01 -7.400000000000000000e+01 4.110000000000000142e+01 -5.900000000000000355e+00 1.000000000000000000e+00 1.803000000000000000e+04
3.200000000000000178e+00 1.889999999999999902e+00 9.200000000000000400e-01 4.500000000000000111e-01 1.000000000000000021e-02 1.296000000000000000e+03 1.065100000000000000e+04 3.100000000000000000e+01 -7.420000000000000284e+01 4.529999999999999716e+01 -6.900000000000000355e+00 8.830000000000000071e-01 1.778100000000000000e+04
3.000000000000000000e+00 1.870000000000000107e+00 9.399999999999999467e-01 4.600000000000000200e-01 2.000000000000000042e-02 1.300000000000000000e+03 1.050800000000000000e+04 2.600000000000000000e+01 -7.400000000000000000e+01 4.710000000000000142e+01 -7.700000000000000178e+00 1.020000000000000018e+00 1.753700000000000000e+04
3.000000000000000000e+00 1.929999999999999938e+00 9.399999999999999467e-01 4.600000000000000200e-01 5.000000000000000278e-02 1.284000000000000000e+03 1.100300000000000000e+04 2.900000000000000000e+01 -7.490000000000000568e+01 4.610000000000000142e+01 -6.500000000000000000e+00 8.299999999999999600e-01 1.693500000000000000e+04
3.100000000000000089e+00 2.009999999999999787e+00 9.399999999999999467e-01 4.299999999999999933e-01 8.000000000000000167e-02 1.270000000000000000e+03 1.111700000000000000e+04 3.900000000000000000e+01 -7.500000000000000000e+01 4.379999999999999716e+01 -5.700000000000000178e+00 9.080000000000000293e-01 1.821800000000000000e+04
3.100000000000000089e+00 1.929999999999999938e+00 9.399999999999999467e-01 4.600000000000000200e-01 1.000000000000000021e-02 1.292000000000000000e+03 1.047900000000000000e+04 3.500000000000000000e+01 -7.400000000000000000e+01 4.389999999999999858e+01 -6.799999999999999822e+00 9.479999999999999538e-01 1.818100000000000000e+04
3.100000000000000089e+00 1.830000000000000071e+00 9.599999999999999645e-01 5.000000000000000000e-01 7.000000000000000666e-02 1.296000000000000000e+03 1.087500000000000000e+04 2.300000000000000000e+01 -7.470000000000000284e+01 5.129999999999999716e+01 -7.200000000000000178e+00 8.729999999999999982e-01 1.728600000000000000e+04
3.299999999999999822e+00 1.979999999999999982e+00 9.200000000000000400e-01 4.299999999999999933e-01 4.000000000000000083e-02 1.262000000000000000e+03 1.175000000000000000e+04 3.400000000000000000e+01 -7.559999999999999432e+01 4.900000000000000000e+01 -6.400000000000000355e+00 9.170000000000000373e-01 1.668100000000000000e+04
3.100000000000000089e+00 2.000000000000000000e+00 9.300000000000000488e-01 4.299999999999999933e-01 2.000000000000000042e-02 1.270000000000000000e+03 1.110100000000000000e+04 2.500000000000000000e+01 -7.479999999999999716e+01 5.339999999999999858e+01 -6.700000000000000178e+00 8.499999999999999778e-01 1.660300000000000000e+04
3.000000000000000000e+00 1.919999999999999929e+00 9.499999999999999556e-01 4.699999999999999734e-01 1.000000000000000021e-02 1.305000000000000000e+03 1.049300000000000000e+04 4.000000000000000000e+01 -7.409999999999999432e+01 4.429999999999999716e+01 -5.200000000000000178e+00 8.800000000000000044e-01 1.823000000000000000e+04
2.899999999999999911e+00 1.919999999999999929e+00 9.499999999999999556e-01 4.699999999999999734e-01 5.000000000000000278e-02 1.278000000000000000e+03 1.144200000000000000e+04 2.700000000000000000e+01 -7.509999999999999432e+01 5.210000000000000142e+01 -5.900000000000000355e+00 1.030000000000000027e+00 1.718700000000000000e+04
3.000000000000000000e+00 1.979999999999999982e+00 9.399999999999999467e-01 4.400000000000000022e-01 1.000000000000000021e-02 1.269000000000000000e+03 1.068200000000000000e+04 2.800000000000000000e+01 -7.450000000000000000e+01 5.250000000000000000e+01 -6.799999999999999822e+00 9.499999999999999556e-01 1.704700000000000000e+04
3.000000000000000000e+00 1.969999999999999973e+00 9.899999999999999911e-01 5.000000000000000000e-01 5.000000000000000278e-02 1.274000000000000000e+03 1.100800000000000000e+04 2.200000000000000000e+01 -7.479999999999999716e+01 5.400000000000000000e+01 -6.700000000000000178e+00 8.459999999999999742e-01 1.730800000000000000e+04
3.200000000000000178e+00 2.040000000000000036e+00 9.599999999999999645e-01 4.500000000000000111e-01 5.000000000000000278e-02 1.270000000000000000e+03 1.099400000000000000e+04 2.500000000000000000e+01 -7.459999999999999432e+01 5.400000000000000000e+01 -7.000000000000000000e+00 9.140000000000000346e-01 1.705200000000000000e+04
3.200000000000000178e+00 1.909999999999999920e+00 9.300000000000000488e-01 4.600000000000000200e-01 5.999999999999999778e-02 1.273000000000000000e+03 1.129500000000000000e+04 3.200000000000000000e+01 -7.500000000000000000e+01 5.060000000000000142e+01 -5.799999999999999822e+00 8.679999999999999938e-01 1.862400000000000000e+04
3.100000000000000089e+00 1.870000000000000107e+00 9.599999999999999645e-01 5.000000000000000000e-01 4.000000000000000083e-02 1.280000000000000000e+03 1.101800000000000000e+04 2.800000000000000000e+01 -7.459999999999999432e+01 5.139999999999999858e+01 -6.299999999999999822e+00 8.589999999999999858e-01 1.768700000000000000e+04
3.200000000000000178e+00 1.820000000000000062e+00 9.499999999999999556e-01 5.000000000000000000e-01 2.000000000000000042e-02 1.280000000000000000e+03 1.159000000000000000e+04 2.700000000000000000e+01 -7.529999999999999716e+01 5.829999999999999716e+01 -7.000000000000000000e+00 9.549999999999999600e-01 1.763500000000000000e+04
2.899999999999999911e+00 1.830000000000000071e+00 9.499999999999999556e-01 4.899999999999999911e-01 1.000000000000000021e-02 1.281000000000000000e+03 1.138400000000000000e+04 2.500000000000000000e+01 -7.559999999999999432e+01 5.410000000000000142e+01 -6.400000000000000355e+00 8.780000000000000027e-01 1.862300000000000000e+04
2.600000000000000089e+00 1.929999999999999938e+00 9.799999999999999822e-01 4.899999999999999911e-01 4.000000000000000083e-02 1.270000000000000000e+03 1.151300000000000000e+04 2.400000000000000000e+01 -7.559999999999999432e+01 5.520000000000000284e+01 -6.200000000000000178e+00 9.909999999999999920e-01 2.015600000000000000e+04
2.799999999999999822e+00 1.909999999999999920e+00 9.699999999999999734e-01 4.899999999999999911e-01 2.000000000000000042e-02 1.286000000000000000e+03 1.087500000000000000e+04 2.100000000000000000e+01 -7.540000000000000568e+01 5.500000000000000000e+01 -6.400000000000000355e+00 1.062000000000000055e+00 2.016400000000000000e+04
3.100000000000000089e+00 1.969999999999999973e+00 9.699999999999999734e-01 4.799999999999999822e-01 4.000000000000000083e-02 1.293000000000000000e+03 1.180400000000000000e+04 2.500000000000000000e+01 -7.640000000000000568e+01 5.979999999999999716e+01 -7.000000000000000000e+00 8.729999999999999982e-01 1.984000000000000000e+04
2.899999999999999911e+00 1.909999999999999920e+00 9.599999999999999645e-01 4.799999999999999822e-01 2.999999999999999889e-02 1.283000000000000000e+03 1.138800000000000000e+04 2.600000000000000000e+01 -7.640000000000000568e+01 5.610000000000000142e+01 -6.299999999999999822e+00 9.559999999999999609e-01 2.023000000000000000e+04
2.899999999999999911e+00 1.939999999999999947e+00 9.599999999999999645e-01 4.699999999999999734e-01 2.999999999999999889e-02 1.273000000000000000e+03 1.224200000000000000e+04 3.000000000000000000e+01 -7.540000000000000568e+01 5.529999999999999716e+01 -6.299999999999999822e+00 8.739999999999999991e-01 1.904400000000000000e+04
2.799999999999999822e+00 1.879999999999999893e+00 9.899999999999999911e-01 5.200000000000000178e-01 1.000000000000000021e-02 1.288000000000000000e+03 1.131200000000000000e+04 3.000000000000000000e+01 -7.509999999999999432e+01 5.120000000000000284e+01 -6.099999999999999645e+00 9.180000000000000382e-01 1.742700000000000000e+04
2.799999999999999822e+00 1.860000000000000098e+00 9.799999999999999822e-01 5.100000000000000089e-01 8.000000000000000167e-02 1.266000000000000000e+03 1.085800000000000000e+04 3.600000000000000000e+01 -7.479999999999999716e+01 4.729999999999999716e+01 -5.299999999999999822e+00 1.008000000000000007e+00 1.774700000000000000e+04
3.000000000000000000e+00 1.870000000000000107e+00 9.699999999999999734e-01 5.100000000000000089e-01 1.000000000000000021e-02 1.293000000000000000e+03 1.117000000000000000e+04 3.100000000000000000e+01 -7.479999999999999716e+01 5.010000000000000142e+01 -5.599999999999999645e+00 9.290000000000000480e-01 1.890100000000000000e+04
3.000000000000000000e+00 1.899999999999999911e+00 9.399999999999999467e-01 4.699999999999999734e-01 1.000000000000000021e-02 1.292000000000000000e+03 1.167300000000000000e+04 3.300000000000000000e+01 -7.520000000000000284e+01 4.970000000000000284e+01 -5.200000000000000178e+00 9.569999999999999618e-01 1.664000000000000000e+04
3.100000000000000089e+00 1.959999999999999964e+00 9.599999999999999645e-01 4.799999999999999822e-01 7.000000000000000666e-02 1.280000000000000000e+03 1.164700000000000000e+04 4.500000000000000000e+01 -7.559999999999999432e+01 4.820000000000000284e+01 -5.099999999999999645e+00 8.299999999999999600e-01 1.738800000000000000e+04
