3.00000000 2.06000000 0.95000000 0.43000000 0.04000000 1292.00000000 10316.44310000 37.00000000 -73.80000000 44.50000000 -7.20000000 0.91000000
3.10000000 1.93000000 0.94000000 0.46000000 0.01000000 1292.00000000 10461.20270000 35.00000000 -74.00000000 43.90000000 -6.80000000 0.94800000
3.00000000 1.92000000 0.95000000 0.47000000 0.01000000 1305.00000000 10508.00000000 40.00000000 -74.10000000 44.30000000 -5.20000000 0.88000000
3.10000000 1.93000000 0.94000000 0.47000000 0.00000000 1268.00000000 10508.00000000 33.00000000 -74.30000000 40.40000000 -5.60000000 0.88600000
2.70000000 2.07000000 0.94000000 0.42000000 0.05000000 1268.00000000 10605.96230000 35.00000000 -74.20000000 40.60000000 -5.50000000 0.88800000
3.20000000 1.89000000 0.92000000 0.45000000 0.01000000 1296.00000000 10620.00000000 31.00000000 -74.20000000 45.30000000 -6.90000000 0.88300000
3.20000000 2.15000000 0.95000000 0.41000000 0.02000000 1283.00000000 10774.84850000 30.00000000 -74.00000000 43.50000000 -6.50000000 0.84300000
2.90000000 2.01000000 0.95000000 0.44000000 0.04000000 1272.00000000 10875.00000000 31.00000000 -74.20000000 45.70000000 -6.80000000 0.82400000
3.10000000 1.83000000 0.96000000 0.50000000 0.07000000 1296.00000000 10904.00000000 23.00000000 -74.70000000 51.30000000 -7.20000000 0.87300000
3.20000000 2.04000000 0.96000000 0.45000000 0.05000000 1270.00000000 10967.86130000 25.00000000 -74.60000000 54.00000000 -7.00000000 0.91400000
3.00000000 1.93000000 0.94000000 0.46000000 0.05000000 1284.00000000 10967.86130000 29.00000000 -74.90000000 46.10000000 -6.50000000 0.83000000
3.10000000 2.00000000 0.93000000 0.43000000 0.02000000 1270.00000000 11088.49430000 25.00000000 -74.80000000 53.40000000 -6.70000000 0.85000000
3.10000000 2.00000000 0.93000000 0.43000000 0.02000000 1270.00000000 11064.36770000 25.00000000 -74.80000000 53.40000000 -6.70000000 0.85000000
3.10000000 2.01000000 0.94000000 0.43000000 0.08000000 1270.00000000 11142.00000000 39.00000000 -75.00000000 43.80000000 -5.70000000 0.90800000
2.90000000 2.10000000 0.98000000 0.44000000 0.02000000 1307.00000000 11117.00000000 40.00000000 -73.60000000 41.80000000 -7.20000000 0.99500000
3.20000000 2.00000000 0.97000000 0.48000000 0.01000000 1272.00000000 11185.00070000 34.00000000 -74.20000000 41.70000000 -6.10000000 0.87900000
3.20000000 2.00000000 0.97000000 0.48000000 0.01000000 1272.00000000 11233.25390000 34.00000000 -74.20000000 41.70000000 -6.10000000 0.87900000
3.20000000 2.00000000 0.97000000 0.48000000 0.01000000 1272.00000000 11257.38050000 34.00000000 -74.20000000 41.70000000 -6.10000000 0.87900000
3.20000000 2.00000000 0.97000000 0.48000000 0.01000000 1272.00000000 11281.50710000 34.00000000 -74.20000000 41.70000000 -6.10000000 0.87900000
3.20000000 2.00000000 0.97000000 0.48000000 0.01000000 1272.00000000 11305.63370000 34.00000000 -74.20000000 41.70000000 -6.10000000 0.87900000
2.90000000 1.92000000 0.95000000 0.47000000 0.05000000 1278.00000000 11474.51990000 27.00000000 -75.10000000 52.10000000 -5.90000000 1.03000000
2.90000000 1.92000000 0.95000000 0.47000000 0.05000000 1278.00000000 11498.64650000 27.00000000 -75.10000000 52.10000000 -5.90000000 1.03000000
2.90000000 1.92000000 0.95000000 0.47000000 0.05000000 1278.00000000 11522.77310000 27.00000000 -75.10000000 52.10000000 -5.90000000 1.03000000
2.90000000 1.92000000 0.95000000 0.47000000 0.05000000 1278.00000000 11546.89970000 27.00000000 -75.10000000 52.10000000 -5.90000000 1.03000000
2.90000000 1.92000000 0.95000000 0.47000000 0.05000000 1278.00000000 11402.14010000 27.00000000 -75.10000000 52.10000000 -5.90000000 1.03000000
2.90000000 1.92000000 0.95000000 0.47000000 0.05000000 1278.00000000 11378.01350000 27.00000000 -75.10000000 52.10000000 -5.90000000 1.03000000
2.90000000 1.92000000 0.95000000 0.47000000 0.05000000 1278.00000000 11353.88690000 27.00000000 -75.10000000 52.10000000 -5.90000000 1.03000000
2.90000000 1.92000000 0.95000000 0.47000000 0.05000000 1278.00000000 11329.76030000 27.00000000 -75.10000000 52.10000000 -5.90000000 1.03000000
2.80000000 2.15000000 1.00000000 0.44000000 0.05000000 1297.00000000 11667.53270000 36.00000000 -74.30000000 46.80000000 -7.30000000 0.97000000
2.80000000 2.15000000 1.00000000 0.44000000 0.05000000 1297.00000000 11643.40610000 36.00000000 -74.30000000 46.80000000 -7.30000000 0.97000000
2.80000000 2.15000000 1.00000000 0.44000000 0.05000000 1297.00000000 11619.27950000 36.00000000 -74.30000000 46.80000000 -7.30000000 0.97000000
2.80000000 2.15000000 1.00000000 0.44000000 0.05000000 1297.00000000 11595.15290000 36.00000000 -74.30000000 46.80000000 -7.30000000 0.97000000
2.80000000 2.15000000 1.00000000 0.44000000 0.05000000 1297.00000000 11571.02630000 36.00000000 -74.30000000 46.80000000 -7.30000000 0.97000000
2.80000000 2.15000000 1.00000000 0.44000000 0.05000000 1297.00000000 11715.78590000 36.00000000 -74.30000000 46.80000000 -7.30000000 0.97000000
3.10000000 1.83000000 0.96000000 0.50000000 0.07000000 1296.00000000 10875.00000000 31.00000000 -74.70000000 51.30000000 -7.20000000 0.87300000
3.10000000 2.00000000 0.93000000 0.43000000 0.02000000 1270.00000000 11101.00000000 22.00000000 -74.80000000 53.40000000 -6.70000000 0.85000000
3.00000000 1.87000000 0.94000000 0.46000000 0.02000000 1300.00000000 10508.00000000 31.00000000 -74.00000000 47.10000000 -7.70000000 1.02000000
3.00000000 1.97000000 0.94000000 0.45000000 0.06000000 1287.00000000 10286.00000000 22.00000000 -73.50000000 49.30000000 -9.00000000 0.99100000
3.00000000 1.97000000 0.92000000 0.43000000 0.06000000 1286.00000000 10268.00000000 31.00000000 -74.30000000 49.30000000 -7.40000000 0.85400000
2.90000000 2.01000000 0.95000000 0.44000000 0.04000000 1272.00000000 10846.00000000 22.00000000 -74.20000000 45.70000000 -6.80000000 0.82400000
3.10000000 1.93000000 0.94000000 0.47000000 0.00000000 1268.00000000 10523.00000000 31.00000000 -74.30000000 40.40000000 -5.60000000 0.88600000
3.20000000 2.00000000 0.97000000 0.48000000 0.01000000 1272.00000000 11206.00000000 40.00000000 -74.20000000 41.70000000 -6.10000000 0.87900000
2.70000000 2.07000000 0.94000000 0.42000000 0.05000000 1268.00000000 10620.00000000 40.00000000 -74.20000000 40.60000000 -5.50000000 0.88800000
2.80000000 2.15000000 1.00000000 0.44000000 0.05000000 1297.00000000 11689.00000000 40.00000000 -74.30000000 46.80000000 -7.30000000 0.97000000
3.00000000 2.06000000 0.95000000 0.43000000 0.04000000 1292.00000000 10345.00000000 31.00000000 -73.80000000 44.50000000 -7.20000000 0.91000000
3.10000000 2.01000000 0.94000000 0.43000000 0.08000000 1270.00000000 11117.00000000 31.00000000 -75.00000000 43.80000000 -5.70000000 0.90800000
2.90000000 2.10000000 0.98000000 0.44000000 0.02000000 1307.00000000 11142.00000000 31.00000000 -73.60000000 41.80000000 -7.20000000 0.99500000
2.80000000 2.05000000 0.98000000 0.46000000 0.02000000 1271.00000000 10834.00000000 40.00000000 -74.50000000 42.10000000 -6.30000000 0.94000000
3.30000000 1.98000000 0.92000000 0.43000000 0.04000000 1292.00000000 11750.00000000 34.00000000 -75.60000000 49.00000000 -6.40000000 0.91700000
2.70000000 2.07000000 0.94000000 0.42000000 0.05000000 1262.00000000 10620.00000000 35.00000000 -74.20000000 40.60000000 -5.50000000 0.88800000
2.70000000 2.07000000 0.94000000 0.42000000 0.05000000 1292.00000000 10620.00000000 35.00000000 -74.20000000 40.60000000 -5.50000000 0.88800000
3.00000000 1.98000000 0.94000000 0.44000000 0.01000000 1292.00000000 10682.00000000 28.00000000 -74.50000000 52.50000000 -6.80000000 0.95000000
3.10000000 2.01000000 0.94000000 0.43000000 0.08000000 1292.00000000 11117.00000000 39.00000000 -75.00000000 43.80000000 -5.70000000 0.90800000
2.90000000 2.01000000 0.95000000 0.44000000 0.04000000 1292.00000000 10846.00000000 31.00000000 -74.20000000 45.70000000 -6.80000000 0.82400000
3.20000000 2.06000000 0.98000000 0.47000000 0.03000000 1292.00000000 10904.00000000 29.00000000 -74.40000000 49.30000000 -7.50000000 0.87600000
2.90000000 1.92000000 0.95000000 0.47000000 0.05000000 1262.00000000 11442.00000000 27.00000000 -75.10000000 52.10000000 -5.90000000 1.03000000
3.20000000 2.15000000 0.95000000 0.41000000 0.02000000 1262.00000000 10797.00000000 30.00000000 -74.00000000 43.50000000 -6.50000000 0.84300000
3.20000000 1.89000000 0.92000000 0.45000000 0.01000000 1292.00000000 10651.00000000 31.00000000 -74.20000000 45.30000000 -6.90000000 0.88300000
3.20000000 1.89000000 0.92000000 0.45000000 0.01000000 1262.00000000 10651.00000000 31.00000000 -74.20000000 45.30000000 -6.90000000 0.88300000
2.80000000 2.15000000 1.00000000 0.44000000 0.05000000 1292.00000000 11689.00000000 36.00000000 -74.30000000 46.80000000 -7.30000000 0.97000000
2.80000000 2.15000000 1.00000000 0.44000000 0.05000000 1262.00000000 11689.00000000 36.00000000 -74.30000000 46.80000000 -7.30000000 0.97000000
