17146.61866103
17146.62519717
17146.62702839
17146.62696421
17146.63030225
17146.63077895
17146.63459977
17146.63621521
17146.63659783
17146.63712605
17146.63717089
17146.63748632
17146.63749122
17146.63735783
17146.63750944
17146.63710633
17146.63667415
17146.63640046
17146.63608837
17146.63573789
17146.63220991
17146.63155224
17146.63085617
17146.63012171
17146.63395252
17146.63445660
17146.63492227
17146.63534955
17146.62591637
17146.62684283
17146.62773088
17146.62858054
17146.62939180
17146.62394827
17146.63625481
17146.63746472
17146.62701802
17146.61708482
17146.61614809
17146.63579795
17146.62751468
17146.63693968
17146.63073052
17146.62506119
17146.62005623
17146.63744596
17146.63741212
17146.63562755
17146.62245097
17146.63070986
17146.63077960
17146.63249212
17146.63749577
17146.63584792
17146.63660189
17146.63299102
17146.63496472
17146.63166951
17146.63159977
17146.62505390
17146.62498415
