-0.18745727
-0.60601499
-0.54632368
-0.03648308
-5.16937081
-4.87124310
-3.76319140
-2.97092222
-1.30616991
-1.37415778
-1.13443482
-1.00419725
-0.74176119
-1.15083620
-0.47516940
-1.97268429
-1.46523296
-0.97936998
-0.39855809
-0.25982611
-0.24516634
-1.54401978
3.18194659
2.68675027
0.02671410
-1.39361682
-1.52922114
-1.74914200
0.06495326
-0.26212637
-0.63257685
-0.69232629
-0.76503732
-0.71917719
0.35465524
0.24095465
0.21525943
0.15412686
0.10142810
0.09675618
-1.03139894
-0.99497251
-0.79366892
-0.70515200
-0.59910605
-0.14839103
-0.00144937
1.51605756
1.44460500
1.13779483
1.06843098
1.01276647
0.86834650
0.65968755
0.31925095
0.18967157
0.17128351
0.02987251
0.03949009
0.45194329
-0.08884151
2.21503653
1.96224731
0.65318684
0.07387850
-0.76859563
-2.95944138
-0.10928893
-0.05310992
0.02206633
0.07507948
0.10100351
-0.42440011
-0.40275872
-0.23426501
-0.43950440
-0.77024898
-1.15528913
-1.63151800
-1.70292333
-1.79021809
0.05465368
0.04219223
0.06007823
0.08327520
0.09846056
0.11110570
0.11224187
0.17030329
1.30956036
1.37315219
1.45014464
0.87735382
0.41811760
0.22832714
0.20025979
1.73519413
1.75593055
-0.04657595
0.51682559
0.15323843
0.14144780
0.16462843
0.28217585
-0.15570417
-0.47064421
-0.28502280
-0.36083150
-0.42440641
-0.59970727
-0.60243194
-0.23119952
-0.16727490
0.26515240
0.26548142
0.27335916
0.64625270
0.72193872
0.40204796
-0.11249022
-0.11998045
0.00663511
0.06722883
0.09863958
-0.15169147
-0.08933973
0.08492797
0.09337592
0.23962532
0.15251359
0.18026642
0.06676698
0.29813750
0.31580899
0.36746146
-0.00654579
0.00089626
0.00372589
0.15881767
0.47821851
0.55970090
0.62891942
0.78925155
0.81782701
0.82014026
0.09596625
0.54922994
1.71590024
2.16381291
0.10460489
0.10274473
0.06038525
0.05791662
0.04518471
0.02270403
0.01625053
0.00461372
-0.00166351
-0.00275894
0.00634168
-0.02793303
-0.04669962
-0.05387099
0.13878245
0.18268334
0.07579079
0.18567486
0.24085035
0.47505101
0.48064805
0.39238628
-0.32598245
