3	1.97	0.92	0.43	0.06	1286	10268	29	-74.3	49.3	-7.4	0.854	17153
3.2	2.15	0.95	0.41	0.02	1283	10797	30	-74	43.5	-6.5	0.843	17292
2.8	2.05	0.98	0.46	0.02	1271	10834	41	-74.5	42.1	-6.3	0.94	16066
3	1.93	0.94	0.46	0.05	1284	11003	29	-74.9	46.1	-6.5	0.83	16935
3.1	1.97	0.94	0.45	0.06	1282	10806	30	-74.5	47.5	-7.2	0.905	16642
2.9	2.1	0.98	0.44	0.02	1307	11142	40	-73.6	41.8	-7.2	0.995	17145
3.1	1.93	0.94	0.46	0.01	1292	10479	35	-74	43.9	-6.8	0.948	18181
3.1	2.12	0.96	0.42	0.01	1284	10539	30	-73.6	46.5	-6.9	0.918	17287
3	1.93	0.94	0.46	0.05	1284	11003	29	-74.9	46.1	-6.5	0.83	16935
3.2	2.15	0.95	0.41	0.02	1283	10797	30	-74	43.5	-6.5	0.843	17292
3	1.87	0.94	0.46	0.02	1300	10508	26	-74	47.1	-7.7	1.02	17537
2.8	2.15	1	0.44	0.05	1297	11689	36	-74.3	46.8	-7.3	0.97	18092
3	1.98	0.94	0.44	0.01	1269	10682	28	-74.5	52.5	-6.8	0.95	17047
3.1	2	0.93	0.43	0.02	1270	11101	25	-74.8	53.4	-6.7	0.85	16603
3.1	1.83	0.96	0.5	0.07	1296	10875	23	-74.7	51.3	-7.2	0.873	17286
3.1	2	0.93	0.43	0.02	1270	11101	25	-74.8	53.4	-6.7	0.85	16603
3.2	2.15	0.95	0.41	0.02	1283	10797	30	-74	43.5	-6.5	0.843	17292
3	1.87	0.94	0.46	0.02	1300	10508	26	-74	47.1	-7.7	1.02	17537
3.2	1.89	0.92	0.45	0.01	1296	10651	31	-74.2	45.3	-6.9	0.883	17781
3.1	1.93	0.94	0.47	0	1268	10523	33	-74.3	40.4	-5.6	0.886	16606
3	2.11	0.96	0.43	0.05	1306	10282	27	-74	48.5	-8.2	0.958	17112
3.2	2.06	0.98	0.47	0.03	1274	10904	29	-74.4	49.3	-7.5	0.876	15201
2.9	2.04	0.98	0.45	0.02	1281	10533	30	-73.9	41.9	-6.5	0.862	16662
3	1.97	0.92	0.43	0.06	1286	10268	29	-74.3	49.3	-7.4	0.854	17153
3.1	2	0.93	0.43	0.02	1270	11101	25	-74.8	53.4	-6.7	0.85	16603
3.2	2.04	0.96	0.45	0.05	1270	10994	25	-74.6	54	-7	0.914	17052
2.8	2.15	1	0.44	0.05	1297	11689	36	-74.3	46.8	-7.3	0.97	18092
3.3	1.88	0.96	0.5	0.07	1281	10232	36	-74	41.1	-5.9	1	18030
2.8	2.05	0.98	0.46	0.02	1271	10834	41	-74.5	42.1	-6.3	0.94	16066
3.1	2	0.93	0.43	0.02	1270	11101	25	-74.8	53.4	-6.7	0.85	16603
3.2	2.04	0.96	0.45	0.05	1270	10994	25	-74.6	54	-7	0.914	17052
2.8	2.05	0.98	0.46	0.02	1271	10834	41	-74.5	42.1	-6.3	0.94	16066
3	1.97	0.99	0.5	0.05	1274	11008	22	-74.8	54	-6.7	0.846	17308
2.8	2.15	1	0.44	0.05	1297	11689	36	-74.3	46.8	-7.3	0.97	18092
3.1	2.01	0.94	0.43	0.08	1270	11117	39	-75	43.8	-5.7	0.908	18218
3.3	1.98	0.92	0.43	0.04	1262	11750	34	-75.6	49	-6.4	0.917	16681
3.3	1.88	0.96	0.5	0.07	1281	10232	36	-74	41.1	-5.9	1	18030
2.9	1.92	0.95	0.47	0.05	1278	11442	27	-75.1	52.1	-5.9	1.03	17187
2.9	1.92	0.95	0.47	0.05	1278	11442	27	-75.1	52.1	-5.9	1.03	17187
3	1.87	0.94	0.46	0.02	1300	10508	26	-74	47.1	-7.7	1.02	17537
3	1.97	0.94	0.45	0.06	1287	10286	28	-73.5	49.3	-9	0.991	16479
3	1.97	0.92	0.43	0.06	1286	10268	29	-74.3	49.3	-7.4	0.854	17153
3.1	1.97	0.94	0.45	0.06	1282	10806	30	-74.5	47.5	-7.2	0.905	16642
2.9	2.1	0.98	0.44	0.02	1307	11142	40	-73.6	41.8	-7.2	0.995	17145
3	2.06	0.95	0.43	0.04	1292	10345	37	-73.8	44.5	-7.2	0.91	16188
3	1.87	0.94	0.46	0.02	1300	10508	26	-74	47.1	-7.7	1.02	17537
3	1.97	0.99	0.5	0.05	1274	11008	22	-74.8	54	-6.7	0.846	17308
3.1	2.12	0.96	0.42	0.01	1284	10539	30	-73.6	46.5	-6.9	0.918	17287
2.9	2.01	0.95	0.44	0.04	1272	10846	31	-74.2	45.7	-6.8	0.824	18302
3.2	2.04	0.96	0.45	0.05	1270	10994	25	-74.6	54	-7	0.914	17052
3	1.97	0.99	0.5	0.05	1274	11008	22	-74.8	54	-6.7	0.846	17308
3.1	2.01	0.94	0.43	0.08	1270	11117	39	-75	43.8	-5.7	0.908	18218
3.2	2.04	0.96	0.45	0.05	1270	10994	25	-74.6	54	-7	0.914	17052
3.3	1.98	0.92	0.43	0.04	1262	11750	34	-75.6	49	-6.4	0.917	16681
3.1	2.12	0.96	0.42	0.01	1284	10539	30	-73.6	46.5	-6.9	0.918	17287
3	1.93	0.94	0.46	0.05	1284	11003	29	-74.9	46.1	-6.5	0.83	16935
3.2	2.06	0.98	0.47	0.03	1274	10904	29	-74.4	49.3	-7.5	0.876	15201
3	2.11	0.96	0.43	0.05	1306	10282	27	-74	48.5	-8.2	0.958	17112
3.1	2.01	0.94	0.43	0.08	1270	11117	39	-75	43.8	-5.7	0.908	18218
3.1	1.93	0.94	0.47	0	1268	10523	33	-74.3	40.4	-5.6	0.886	16606
2.9	2.01	0.95	0.44	0.04	1272	10846	31	-74.2	45.7	-6.8	0.824	18302
3	1.87	0.94	0.46	0.02	1300	10508	26	-74	47.1	-7.7	1.02	17537
3.1	1.83	0.96	0.5	0.07	1296	10875	23	-74.7	51.3	-7.2	0.873	17286
3.2	1.89	0.92	0.45	0.01	1296	10651	31	-74.2	45.3	-6.9	0.883	17781
3.3	1.88	0.96	0.5	0.07	1281	10232	36	-74	41.1	-5.9	1	18030
3.2	1.89	0.92	0.45	0.01	1296	10651	31	-74.2	45.3	-6.9	0.883	17781
3.1	1.93	0.94	0.47	0	1268	10523	33	-74.3	40.4	-5.6	0.886	16606
2.8	2.05	0.98	0.46	0.02	1271	10834	41	-74.5	42.1	-6.3	0.94	16066
3.1	1.93	0.94	0.46	0.01	1292	10479	35	-74	43.9	-6.8	0.948	18181
3.2	2.04	0.96	0.45	0.05	1270	10994	25	-74.6	54	-7	0.914	17052
3.1	2.12	0.96	0.42	0.01	1284	10539	30	-73.6	46.5	-6.9	0.918	17287
3.2	2.04	0.96	0.45	0.05	1270	10994	25	-74.6	54	-7	0.914	17052
3.1	2.12	0.96	0.42	0.01	1284	10539	30	-73.6	46.5	-6.9	0.918	17287
2.9	1.92	0.95	0.47	0.05	1278	11442	27	-75.1	52.1	-5.9	1.03	17187
2.9	2.04	0.98	0.45	0.02	1281	10533	30	-73.9	41.9	-6.5	0.862	16662
2.9	2.01	0.95	0.44	0.04	1272	10846	31	-74.2	45.7	-6.8	0.824	18302
3	1.97	0.92	0.43	0.06	1286	10268	29	-74.3	49.3	-7.4	0.854	17153
3	2.06	0.95	0.43	0.04	1292	10345	37	-73.8	44.5	-7.2	0.91	16188
2.7	2.07	0.94	0.42	0.05	1268	10620	35	-74.2	40.6	-5.5	0.888	17577
3.1	1.93	0.94	0.46	0.01	1292	10479	35	-74	43.9	-6.8	0.948	18181
3.3	1.98	0.92	0.43	0.04	1262	11750	34	-75.6	49	-6.4	0.917	16681
3.1	2.01	0.94	0.43	0.08	1270	11117	39	-75	43.8	-5.7	0.908	18218
2.8	2.15	1	0.44	0.05	1297	11689	36	-74.3	46.8	-7.3	0.97	18092
3	1.92	0.95	0.47	0.01	1305	10493	40	-74.1	44.3	-5.2	0.88	18230
3	1.98	0.94	0.44	0.01	1269	10682	28	-74.5	52.5	-6.8	0.95	17047
3.3	1.98	0.92	0.43	0.04	1262	11750	34	-75.6	49	-6.4	0.917	16681
2.9	2.1	0.98	0.44	0.02	1307	11142	40	-73.6	41.8	-7.2	0.995	17145
3.2	2.15	0.95	0.41	0.02	1283	10797	30	-74	43.5	-6.5	0.843	17292
3.1	1.93	0.94	0.46	0.01	1292	10479	35	-74	43.9	-6.8	0.948	18181
3.1	1.93	0.94	0.46	0.01	1292	10479	35	-74	43.9	-6.8	0.948	18181
3	1.97	0.92	0.43	0.06	1286	10268	29	-74.3	49.3	-7.4	0.854	17153
3	2.11	0.96	0.43	0.05	1306	10282	27	-74	48.5	-8.2	0.958	17112
3.1	2.01	0.94	0.43	0.08	1270	11117	39	-75	43.8	-5.7	0.908	18218
3.2	2	0.97	0.48	0.01	1272	11206	34	-74.2	41.7	-6.1	0.879	18527
3	1.87	0.94	0.46	0.02	1300	10508	26	-74	47.1	-7.7	1.02	17537
3.2	2.06	0.98	0.47	0.03	1274	10904	29	-74.4	49.3	-7.5	0.876	15201
3.1	1.97	0.94	0.45	0.06	1282	10806	30	-74.5	47.5	-7.2	0.905	16642
3.1	2	0.93	0.43	0.02	1270	11101	25	-74.8	53.4	-6.7	0.85	16603
3.3	1.98	0.92	0.43	0.04	1262	11750	34	-75.6	49	-6.4	0.917	16681
3	1.97	0.99	0.5	0.05	1274	11008	22	-74.8	54	-6.7	0.846	17308
3	2.06	0.95	0.43	0.04	1292	10345	37	-73.8	44.5	-7.2	0.91	16188
3.1	1.97	0.94	0.45	0.06	1282	10806	30	-74.5	47.5	-7.2	0.905	16642
2.8	2.05	0.98	0.46	0.02	1271	10834	41	-74.5	42.1	-6.3	0.94	16066
3.2	2	0.97	0.48	0.01	1272	11206	34	-74.2	41.7	-6.1	0.879	18527
3.1	1.97	0.94	0.45	0.06	1282	10806	30	-74.5	47.5	-7.2	0.905	16642
2.9	1.92	0.95	0.47	0.05	1278	11442	27	-75.1	52.1	-5.9	1.03	17187
2.8	2.05	0.98	0.46	0.02	1271	10834	41	-74.5	42.1	-6.3	0.94	16066
2.9	2.1	0.98	0.44	0.02	1307	11142	40	-73.6	41.8	-7.2	0.995	17145
3.3	1.88	0.96	0.5	0.07	1281	10232	36	-74	41.1	-5.9	1	18030
3.3	1.98	0.92	0.43	0.04	1262	11750	34	-75.6	49	-6.4	0.917	16681
2.7	2.07	0.94	0.42	0.05	1268	10620	35	-74.2	40.6	-5.5	0.888	17577
3.1	1.97	0.94	0.45	0.06	1282	10806	30	-74.5	47.5	-7.2	0.905	16642
3.1	2.12	0.96	0.42	0.01	1284	10539	30	-73.6	46.5	-6.9	0.918	17287
3	1.97	0.92	0.43	0.06	1286	10268	29	-74.3	49.3	-7.4	0.854	17153
3.1	1.93	0.94	0.47	0	1268	10523	33	-74.3	40.4	-5.6	0.886	16606
3	1.98	0.94	0.44	0.01	1269	10682	28	-74.5	52.5	-6.8	0.95	17047
3	1.87	0.94	0.46	0.02	1300	10508	26	-74	47.1	-7.7	1.02	17537
3	2.06	0.95	0.43	0.04	1292	10345	37	-73.8	44.5	-7.2	0.91	16188
3.2	2.15	0.95	0.41	0.02	1283	10797	30	-74	43.5	-6.5	0.843	17292
2.9	2.1	0.98	0.44	0.02	1307	11142	40	-73.6	41.8	-7.2	0.995	17145
3.1	1.93	0.94	0.47	0	1268	10523	33	-74.3	40.4	-5.6	0.886	16606
2.9	2.01	0.95	0.44	0.04	1272	10846	31	-74.2	45.7	-6.8	0.824	18302
3.2	2.04	0.96	0.45	0.05	1270	10994	25	-74.6	54	-7	0.914	17052
3.1	2	0.93	0.43	0.02	1270	11101	25	-74.8	53.4	-6.7	0.85	16603
3.2	2	0.97	0.48	0.01	1272	11206	34	-74.2	41.7	-6.1	0.879	18527
2.9	1.92	0.95	0.47	0.05	1278	11442	27	-75.1	52.1	-5.9	1.03	17187
3	1.97	0.94	0.45	0.06	1287	10286	28	-73.5	49.3	-9	0.991	16479
3.2	2.15	0.95	0.41	0.02	1283	10797	30	-74	43.5	-6.5	0.843	17292
3	1.98	0.94	0.44	0.01	1269	10682	28	-74.5	52.5	-6.8	0.95	17047
3	1.98	0.94	0.44	0.01	1269	10682	28	-74.5	52.5	-6.8	0.95	17047
3.1	1.93	0.94	0.46	0.01	1292	10479	35	-74	43.9	-6.8	0.948	18181
3	1.87	0.94	0.46	0.02	1300	10508	26	-74	47.1	-7.7	1.02	17537
3.1	2.12	0.96	0.42	0.01	1284	10539	30	-73.6	46.5	-6.9	0.918	17287
3	1.97	0.99	0.5	0.05	1274	11008	22	-74.8	54	-6.7	0.846	17308
3	2.06	0.95	0.43	0.04	1292	10345	37	-73.8	44.5	-7.2	0.91	16188
3.1	1.93	0.94	0.46	0.01	1292	10479	35	-74	43.9	-6.8	0.948	18181
3	1.93	0.94	0.46	0.05	1284	11003	29	-74.9	46.1	-6.5	0.83	16935
3.1	2	0.93	0.43	0.02	1270	11101	25	-74.8	53.4	-6.7	0.85	16603
3.2	2.15	0.95	0.41	0.02	1283	10797	30	-74	43.5	-6.5	0.843	17292
3.1	1.83	0.96	0.5	0.07	1296	10875	23	-74.7	51.3	-7.2	0.873	17286
3	1.92	0.95	0.47	0.01	1305	10493	40	-74.1	44.3	-5.2	0.88	18230
2.7	2.07	0.94	0.42	0.05	1268	10620	35	-74.2	40.6	-5.5	0.888	17577
3.3	1.88	0.96	0.5	0.07	1281	10232	36	-74	41.1	-5.9	1	18030
3.2	2.04	0.96	0.45	0.05	1270	10994	25	-74.6	54	-7	0.914	17052
3.3	1.88	0.96	0.5	0.07	1281	10232	36	-74	41.1	-5.9	1	18030
2.7	2.07	0.94	0.42	0.05	1268	10620	35	-74.2	40.6	-5.5	0.888	17577
3	1.87	0.94	0.46	0.02	1300	10508	26	-74	47.1	-7.7	1.02	17537
3.1	2.12	0.96	0.42	0.01	1284	10539	30	-73.6	46.5	-6.9	0.918	17287
3.1	1.83	0.96	0.5	0.07	1296	10875	23	-74.7	51.3	-7.2	0.873	17286
2.9	2.01	0.95	0.44	0.04	1272	10846	31	-74.2	45.7	-6.8	0.824	18302
3.2	2	0.97	0.48	0.01	1272	11206	34	-74.2	41.7	-6.1	0.879	18527
3.1	2.01	0.94	0.43	0.08	1270	11117	39	-75	43.8	-5.7	0.908	18218
3.2	2.04	0.96	0.45	0.05	1270	10994	25	-74.6	54	-7	0.914	17052
2.7	2.07	0.94	0.42	0.05	1268	10620	35	-74.2	40.6	-5.5	0.888	17577
3	1.92	0.95	0.47	0.01	1305	10493	40	-74.1	44.3	-5.2	0.88	18230
3.1	1.83	0.96	0.5	0.07	1296	10875	23	-74.7	51.3	-7.2	0.873	17286
3	1.97	0.99	0.5	0.05	1274	11008	22	-74.8	54	-6.7	0.846	17308
2.8	2.15	1	0.44	0.05	1297	11689	36	-74.3	46.8	-7.3	0.97	18092
3.1	2.12	0.96	0.42	0.01	1284	10539	30	-73.6	46.5	-6.9	0.918	17287
3	1.93	0.94	0.46	0.05	1284	11003	29	-74.9	46.1	-6.5	0.83	16935
3	2.11	0.96	0.43	0.05	1306	10282	27	-74	48.5	-8.2	0.958	17112
3	1.97	0.92	0.43	0.06	1286	10268	29	-74.3	49.3	-7.4	0.854	17153
3.1	1.93	0.94	0.46	0.01	1292	10479	35	-74	43.9	-6.8	0.948	18181
3	1.87	0.94	0.46	0.02	1300	10508	26	-74	47.1	-7.7	1.02	17537
3.2	1.89	0.92	0.45	0.01	1296	10651	31	-74.2	45.3	-6.9	0.883	17781
3	1.93	0.94	0.46	0.05	1284	11003	29	-74.9	46.1	-6.5	0.83	16935
2.9	2.1	0.98	0.44	0.02	1307	11142	40	-73.6	41.8	-7.2	0.995	17145
3.1	2.12	0.96	0.42	0.01	1284	10539	30	-73.6	46.5	-6.9	0.918	17287
2.9	2.04	0.98	0.45	0.02	1281	10533	30	-73.9	41.9	-6.5	0.862	16662
3.2	2.06	0.98	0.47	0.03	1274	10904	29	-74.4	49.3	-7.5	0.876	15201
3.1	1.93	0.94	0.46	0.01	1292	10479	35	-74	43.9	-6.8	0.948	18181
3	1.92	0.95	0.47	0.01	1305	10493	40	-74.1	44.3	-5.2	0.88	18230
3	2.11	0.96	0.43	0.05	1306	10282	27	-74	48.5	-8.2	0.958	17112
3.1	1.93	0.94	0.46	0.01	1292	10479	35	-74	43.9	-6.8	0.948	18181
3	1.97	0.94	0.45	0.06	1287	10286	28	-73.5	49.3	-9	0.991	16479
3	1.92	0.95	0.47	0.01	1305	10493	40	-74.1	44.3	-5.2	0.88	18230
3	1.97	0.94	0.45	0.06	1287	10286	28	-73.5	49.3	-9	0.991	16479
3.2	1.89	0.92	0.45	0.01	1296	10651	31	-74.2	45.3	-6.9	0.883	17781
3.1	2.12	0.96	0.42	0.01	1284	10539	30	-73.6	46.5	-6.9	0.918	17287
3.1	2	0.93	0.43	0.02	1270	11101	25	-74.8	53.4	-6.7	0.85	16603
3.1	1.93	0.94	0.47	0	1268	10523	33	-74.3	40.4	-5.6	0.886	16606
3.2	2	0.97	0.48	0.01	1272	11206	34	-74.2	41.7	-6.1	0.879	18527
2.9	1.92	0.95	0.47	0.05	1278	11442	27	-75.1	52.1	-5.9	1.03	17187
3.1	2.12	0.96	0.42	0.01	1284	10539	30	-73.6	46.5	-6.9	0.918	17287
