0.39040000 0.14120000
0.20350000 0.52090000
0.29830000 0.75290000
0.20350000 0.75290000
0.16530000 0.75290000
0.39340000 0.76990000
0.20350000 0.72130000
0.16530000 0.72130000
0.37510000 0.92880000
0.19920000 0.92880000
0.16530000 0.92880000
0.34210000 0.84240000
0.39340000 0.84240000
0.20350000 0.84240000
0.16530000 0.84240000
0.57430000 0.84240000
0.32990000 0.72420000
0.39340000 0.72420000
0.50140000 0.72420000
0.57430000 0.72420000
0.34210000 0.94400000
0.52330000 0.94400000
0.39040000 0.40300000
0.35860000 0.40300000
0.45220000 0.40300000
0.20350000 0.40300000
0.16530000 0.40300000
0.62550000 0.40300000
0.81380000 0.40300000
0.38130000 0.20420000
0.45220000 0.20420000
0.62550000 0.20420000
0.11090000 0.20420000
0.52330000 0.81130000
0.57430000 0.81130000
0.81380000 0.81130000
0.52110000 0.31920000
0.38130000 0.31920000
0.35860000 0.31920000
0.62550000 0.31920000
0.70280000 0.31920000
0.75770000 0.31920000
0.16530000 0.31920000
0.50670000 0.59530000
0.57430000 0.59530000
0.38130000 0.59530000
0.35860000 0.59530000
0.88990000 0.59530000
0.50140000 0.54700000
0.35860000 0.54700000
0.53400000 0.40730000
0.62550000 0.40730000
0.38130000 0.40730000
0.35860000 0.40730000
0.20350000 0.40730000
0.16530000 0.40730000
0.88990000 0.40730000
0.57430000 0.95000000
0.81380000 0.95000000
0.62550000 0.49670000
0.38130000 0.49670000
0.81380000 0.49670000
0.52330000 0.86510000
0.62550000 0.09880000
0.45220000 0.09880000
