15481.182024	  0.471699	 23.250612	  0.566561	 90.027693	  0.194389	 84.581468	  0.362082	  0.806756	  0.757700	  0.857793	  0.560691	  5.685023	  0.975179	634.186149	
16175.395312	  0.939817	 24.464231	  0.773969	 85.222100	  0.452603	 84.698790	  0.077820	  0.817293	  0.964692	  1.008591	  0.192104	  5.687453	  0.981513	675.296578	
14940.549863	  0.013405	 27.890440	  0.640490	 86.849349	  0.365168	 84.641411	  0.216845	  0.841232	  0.565094	  0.868647	  0.650464	  5.761882	  0.824478	653.680882	
15570.549516	  0.547455	 23.510836	  0.611034	 84.659696	  0.482822	 84.123142	  0.527435	  0.863175	  0.134072	  0.957778	  0.612361	  5.477928	  0.435356	628.807101	
15961.185688	  0.878597	 20.975057	  0.177668	 73.552720	  0.920379	 83.958972	  0.129666	  0.809216	  0.806027	  1.027760	  0.033561	  5.344993	  0.088844	596.937436	
16892.107820	  0.332261	 21.773312	  0.314090	 75.908704	  0.953030	 84.588385	  0.345322	  0.848243	  0.427366	  0.827976	  0.314087	  5.937178	  0.367547	582.049138	
15915.904174	  0.840212	 26.661755	  0.850473	 64.172992	  0.416388	 84.702127	  0.069737	  0.777508	  0.183182	  0.916903	  0.950423	  5.569349	  0.673660	648.801020	
16581.583175	  0.595492	 29.259119	  0.406583	 84.805392	  0.474994	 84.468999	  0.634585	  0.780549	  0.242914	  0.894793	  0.866711	  5.738137	  0.886372	697.337447	
14973.480797	  0.041321	 23.869925	  0.672402	 63.292419	  0.369073	 84.619888	  0.268995	  0.784326	  0.317119	  1.001032	  0.254621	  5.945986	  0.344585	706.146872	
15088.622790	  0.138926	 26.146901	  0.938462	 63.174605	  0.362743	 84.541157	  0.459752	  0.816937	  0.957681	  0.911302	  0.996746	  5.904481	  0.452774	666.218612	
17085.863878	  0.168014	 26.071062	  0.951423	 62.630896	  0.333528	 84.475608	  0.618572	  0.836579	  0.656479	  0.832794	  0.353936	  5.380959	  0.182595	539.714999	
15026.869558	  0.086578	 27.191925	  0.759867	 67.679148	  0.604780	 84.516228	  0.520153	  0.781030	  0.252363	  0.882429	  0.764450	  5.561246	  0.652536	647.550241	
16420.002750	  0.732464	 20.228751	  0.050124	 58.006416	  0.085046	 84.334640	  0.960123	  0.772106	  0.077077	  0.864578	  0.616812	  5.816383	  0.682415	632.183834	
15765.310646	  0.712554	 29.953923	  0.287840	 86.366029	  0.391138	 83.930890	  0.061627	  0.790520	  0.438784	  0.998486	  0.275681	  5.937238	  0.367390	753.506878	
17021.038841	  0.222966	 20.577950	  0.109803	 73.170421	  0.899837	 84.523041	  0.503646	  0.801792	  0.660200	  1.004185	  0.228546	  5.740300	  0.880736	678.327617	
17046.685028	  0.201226	 22.423756	  0.425252	 82.283835	  0.610482	 84.056008	  0.364775	  0.795380	  0.534252	  0.804105	  0.116655	  5.347219	  0.094647	603.580404	
16385.997297	  0.761290	 26.120766	  0.942928	 88.040862	  0.301146	 84.133868	  0.553425	  0.862719	  0.143026	  0.791104	  0.009127	  5.853925	  0.584555	579.206257	
17132.826050	  0.128204	 25.327509	  0.921504	 68.692366	  0.659222	 84.717056	  0.033566	  0.770620	  0.047886	  0.796461	  0.053436	  5.357905	  0.122503	583.419904	
17139.994631	  0.122127	 20.645628	  0.121369	 72.584079	  0.868332	 84.076984	  0.415600	  0.775514	  0.144025	  0.894189	  0.861716	  5.764676	  0.817196	700.551980	
16219.589535	  0.902354	 30.739350	  0.153611	 59.942709	  0.189087	 84.410013	  0.777502	  0.840734	  0.574861	  0.855831	  0.544465	  5.572405	  0.681623	607.963692	
16980.707357	  0.257155	 24.471063	  0.775137	 86.055623	  0.407816	 84.017440	  0.271331	  0.829788	  0.789881	  1.012184	  0.162385	  5.448431	  0.358470	645.223071	
15490.498266	  0.479596	 26.007566	  0.962274	 81.882652	  0.632038	 84.099514	  0.470186	  0.842668	  0.536875	  0.826413	  0.301164	  5.574549	  0.687213	570.403829	
15818.467480	  0.757615	 21.734845	  0.307516	 90.371436	  0.175919	 84.157611	  0.610952	  0.769603	  0.027905	  0.820472	  0.252021	  5.760031	  0.829302	675.835838	
15390.678614	  0.394979	 26.023436	  0.959562	 65.323148	  0.478188	 84.538115	  0.467122	  0.824454	  0.894661	  0.867185	  0.638371	  5.935056	  0.373077	637.837236	
16098.882070	  0.995322	 28.838249	  0.478510	 71.076820	  0.787344	 83.982615	  0.186953	  0.831528	  0.755704	  0.968779	  0.521379	  5.788133	  0.756053	704.865069	
15873.427440	  0.804205	 30.799688	  0.143299	 61.742128	  0.285773	 84.151158	  0.595317	  0.832208	  0.742340	  0.877655	  0.724964	  5.591208	  0.730637	642.426603	
15215.945154	  0.246857	 22.635406	  0.461423	 90.104091	  0.190284	 84.592000	  0.336565	  0.776062	  0.154779	  0.924697	  0.885965	  5.478388	  0.436556	630.974008	
15906.252274	  0.832030	 31.072988	  0.096592	 86.670382	  0.374784	 84.400549	  0.800433	  0.801039	  0.645411	  0.812241	  0.183946	  5.398547	  0.228440	570.323006	
16994.678377	  0.245312	 20.083969	  0.025381	 85.117849	  0.458205	 84.108215	  0.491268	  0.850090	  0.391090	  0.963791	  0.562627	  5.735280	  0.893821	671.288205	
16033.093786	  0.939554	 30.109393	  0.261271	 74.644641	  0.979050	 84.573761	  0.380756	  0.798692	  0.599297	  0.947028	  0.701270	  5.350269	  0.102596	615.962642	
17263.006213	  0.017850	 21.692787	  0.300329	 92.004009	  0.088198	 84.182416	  0.671052	  0.783955	  0.309835	  0.936512	  0.788246	  5.869619	  0.543648	734.502628	
16409.461509	  0.741400	 30.778287	  0.146956	 63.663295	  0.389001	 84.214309	  0.748326	  0.786427	  0.358382	  0.858889	  0.569763	  5.464917	  0.401444	627.770816	
15535.040797	  0.517355	 23.335850	  0.581129	 57.255987	  0.044724	 84.671499	  0.143945	  0.859054	  0.215020	  0.928089	  0.857908	  5.629736	  0.831066	637.637995	
16463.542220	  0.695555	 29.612770	  0.346144	 61.801514	  0.288964	 84.164469	  0.627567	  0.806048	  0.743790	  0.911390	  0.996020	  5.707968	  0.965012	688.667489	
16682.074295	  0.510306	 31.104135	  0.091269	 69.061791	  0.679072	 84.268239	  0.878992	  0.820419	  0.973915	  0.896911	  0.884227	  5.548091	  0.618248	613.140942	
17164.046884	  0.101738	 29.608012	  0.346957	 85.670758	  0.428496	 84.216130	  0.752737	  0.806579	  0.754228	  0.844938	  0.454378	  5.798315	  0.729511	686.899566	
17253.244082	  0.026126	 26.433207	  0.889532	 59.393036	  0.159552	 84.144752	  0.579794	  0.802386	  0.671867	  0.964687	  0.555223	  5.665999	  0.925591	719.653494	
15245.858012	  0.272215	 28.794501	  0.485986	 56.862730	  0.023593	 84.289553	  0.930634	  0.816620	  0.951453	  1.024086	  0.063953	  5.801551	  0.721075	695.726400	
15676.881321	  0.637593	 25.305863	  0.917805	 90.961234	  0.144228	 83.922054	  0.040218	  0.843731	  0.516003	  0.995711	  0.298631	  5.648605	  0.880250	694.805416	
15581.720902	  0.556925	 30.361901	  0.218117	 67.064138	  0.571735	 84.678441	  0.127125	  0.811584	  0.852549	  0.932852	  0.818515	  5.881693	  0.512174	689.912521	
16053.382194	  0.956752	 21.938667	  0.342350	 69.448994	  0.699878	 84.074723	  0.410122	  0.817609	  0.970889	  0.927774	  0.860513	  5.500358	  0.493825	596.297280	
14991.721477	  0.056783	 25.092338	  0.881313	 91.385706	  0.121421	 84.341808	  0.942757	  0.834254	  0.702160	  0.964791	  0.554356	  5.469856	  0.414318	614.531728	
16253.042030	  0.873996	 28.617764	  0.516190	 64.866585	  0.453656	 84.517499	  0.517074	  0.799505	  0.615281	  0.798509	  0.070375	  5.584663	  0.713576	625.220881	
15105.448215	  0.153189	 29.706815	  0.330071	 88.791334	  0.260821	 84.400937	  0.799492	  0.845734	  0.476660	  0.979505	  0.432668	  6.070931	  0.018901	670.043001	
14951.323845	  0.022538	 28.733005	  0.496496	 64.276445	  0.421947	 84.366944	  0.881854	  0.787866	  0.386652	  0.974568	  0.473499	  5.922094	  0.406865	720.938162	
16387.070016	  0.760381	 23.425114	  0.596384	 77.289858	  0.878818	 84.360498	  0.897472	  0.863306	  0.131486	  1.006991	  0.205334	  5.555108	  0.636537	667.633514	
16671.922369	  0.518912	 25.247819	  0.907885	 67.104592	  0.573908	 83.921696	  0.039351	  0.825216	  0.879680	  0.886228	  0.795873	  5.814331	  0.687764	689.773533	
15317.123446	  0.332626	 27.912632	  0.636698	 59.821888	  0.182595	 84.631699	  0.240376	  0.806401	  0.750740	  0.829641	  0.327859	  5.335473	  0.064029	593.855518	
15185.959393	  0.221439	 20.232999	  0.050850	 70.819336	  0.773509	 84.706728	  0.058589	  0.827891	  0.827151	  0.791456	  0.012046	  5.563027	  0.657181	585.996288	
15445.301899	  0.441283	 24.366223	  0.757220	 59.711548	  0.176666	 84.525806	  0.496946	  0.812217	  0.864965	  0.936898	  0.785052	  5.628784	  0.828584	660.939702	
15161.959961	  0.201094	 24.952636	  0.857438	 62.465765	  0.324655	 84.557571	  0.419982	  0.842070	  0.548628	  0.917624	  0.944464	  5.653837	  0.893887	637.484989	
15798.471781	  0.740665	 31.119813	  0.088589	 64.612137	  0.439984	 84.422014	  0.748424	  0.814913	  0.917934	  0.959150	  0.601013	  5.339089	  0.073455	605.254808	
17091.563508	  0.163182	 28.036876	  0.615464	 91.761976	  0.101203	 84.500974	  0.557110	  0.847676	  0.438518	  0.794940	  0.040857	  5.584178	  0.712312	583.007545	
16148.492140	  0.962623	 29.481796	  0.368527	 86.917771	  0.361491	 84.439124	  0.706968	  0.802624	  0.676545	  0.876186	  0.712818	  5.977765	  0.261751	688.140590	
14925.398747	  0.000562	 31.054341	  0.099779	 72.581302	  0.868183	 84.668718	  0.150683	  0.803117	  0.686218	  0.962474	  0.573520	  5.989212	  0.231913	711.657015	
15439.730286	  0.436560	 23.789811	  0.658711	 86.431142	  0.387639	 84.077260	  0.416269	  0.807957	  0.781290	  0.790825	  0.006823	  5.671712	  0.940480	649.422058	
15556.365905	  0.535432	 28.106054	  0.603642	 75.385277	  0.981155	 84.277151	  0.900586	  0.861604	  0.164913	  0.979704	  0.431019	  5.589657	  0.726595	663.892527	
17222.162159	  0.052474	 25.654089	  0.977316	 68.562983	  0.652271	 84.330516	  0.970116	  0.837486	  0.638673	  0.942959	  0.734925	  5.935138	  0.372863	647.956865	
16346.238917	  0.794993	 24.087613	  0.709605	 88.194155	  0.292909	 83.908103	  0.006415	  0.788275	  0.394685	  0.918314	  0.938751	  5.662957	  0.917660	694.427814	
16338.430376	  0.801613	 28.675961	  0.506245	 78.556760	  0.810745	 84.043589	  0.334686	  0.859487	  0.206503	  0.954987	  0.635447	  5.313258	  0.006122	599.686414	
15981.740609	  0.896022	 30.575755	  0.181569	 62.746775	  0.339754	 84.676922	  0.130805	  0.778249	  0.197753	  0.886133	  0.795089	  5.783153	  0.769032	669.142128	
15371.289131	  0.378542	 22.135700	  0.376023	 66.493836	  0.541091	 83.975078	  0.168689	  0.808059	  0.783308	  0.976921	  0.454035	  5.343581	  0.085163	611.022514	
16638.775055	  0.547011	 27.047720	  0.784511	 64.941585	  0.457686	 84.545650	  0.448867	  0.856963	  0.256080	  0.924438	  0.888105	  5.829720	  0.647650	646.171867	
15048.456146	  0.104877	 23.619788	  0.629654	 74.428008	  0.967410	 84.381818	  0.845817	  0.768522	  0.006677	  1.019660	  0.100557	  6.076977	  0.003142	735.370776	
16571.893086	  0.603706	 23.844321	  0.668027	 89.040763	  0.247419	 84.247577	  0.828931	  0.771291	  0.061060	  1.025039	  0.056065	  5.993014	  0.222003	710.943353	
16465.150186	  0.694192	 25.161713	  0.893169	 79.448602	  0.762824	 83.915345	  0.023963	  0.835760	  0.672578	  0.888877	  0.817784	  5.555161	  0.636675	651.281121	
16959.468944	  0.275159	 30.963439	  0.115314	 83.783924	  0.529879	 84.431083	  0.726452	  0.847320	  0.445504	  0.930677	  0.836509	  5.567734	  0.669449	626.931979	
16930.724965	  0.299525	 29.819178	  0.310868	 87.987350	  0.304021	 84.633377	  0.236311	  0.813477	  0.889716	  0.822215	  0.266442	  5.951623	  0.329894	651.003073	
15525.760008	  0.509487	 31.079892	  0.095412	 56.838565	  0.022295	 84.534260	  0.476464	  0.776461	  0.162630	  0.959088	  0.601523	  5.630629	  0.833393	695.251442	
16686.131202	  0.506867	 21.966774	  0.347153	 59.694861	  0.175769	 84.250991	  0.837202	  0.857207	  0.251286	  0.960196	  0.592364	  5.958544	  0.311851	676.533693	
15329.939917	  0.343491	 24.590920	  0.795621	 61.561467	  0.276066	 84.317816	  0.999113	  0.865387	  0.090613	  1.014928	  0.139693	  6.015851	  0.162473	725.607984	
17112.513074	  0.145423	 27.813362	  0.653663	 80.334471	  0.715225	 84.429427	  0.730464	  0.866658	  0.065650	  0.960213	  0.592223	  5.587920	  0.722067	611.146929	
15178.339633	  0.214979	 26.244289	  0.921818	 68.040748	  0.624210	 84.014337	  0.263811	  0.794291	  0.512856	  0.942825	  0.736034	  5.777327	  0.784220	719.378514	
15506.054671	  0.492783	 31.316087	  0.055046	 87.360733	  0.337690	 84.434119	  0.719096	  0.808546	  0.792862	  0.935414	  0.797323	  5.988152	  0.234675	685.155480	
15193.598488	  0.227914	 28.901993	  0.467616	 91.573113	  0.111351	 84.506795	  0.543008	  0.845390	  0.483411	  0.801087	  0.091700	  5.366697	  0.145420	535.391999	
16145.600251	  0.965075	 22.927899	  0.511410	 62.980134	  0.352293	 83.943685	  0.092628	  0.781456	  0.260747	  0.978579	  0.440322	  5.578415	  0.697291	656.353667	
15498.830079	  0.486659	 28.879047	  0.471537	 67.381076	  0.588764	 84.068913	  0.396045	  0.828683	  0.811595	  0.834159	  0.365229	  5.814771	  0.686617	654.732652	
16193.012748	  0.924883	 25.858812	  0.987696	 92.301104	  0.072235	 84.210567	  0.739259	  0.861078	  0.175260	  0.872821	  0.684989	  5.847770	  0.600600	618.479992	
15176.669980	  0.213564	 25.727338	  0.989835	 85.135264	  0.457269	 84.635791	  0.230462	  0.837341	  0.641508	  0.989203	  0.352456	  5.990542	  0.228446	664.949245	
16624.451167	  0.559153	 29.028464	  0.446002	 90.836369	  0.150938	 84.234542	  0.797348	  0.852950	  0.334904	  0.987344	  0.367826	  5.530614	  0.572691	659.116796	
15377.904862	  0.384151	 20.675722	  0.126512	 61.379089	  0.266266	 83.951646	  0.111917	  0.773169	  0.097965	  0.924080	  0.891064	  5.573066	  0.683348	662.584699	
15801.112682	  0.742904	 28.441989	  0.546231	 86.324486	  0.393370	 84.230472	  0.787487	  0.863790	  0.121985	  0.897650	  0.890336	  5.529895	  0.570815	610.337065	
15000.385698	  0.064128	 29.075392	  0.437982	 78.783806	  0.798545	 84.297682	  0.950330	  0.785463	  0.339442	  0.932104	  0.824702	  5.757155	  0.836799	709.345414	
15417.589510	  0.417791	 30.422636	  0.207737	 76.751006	  0.907771	 84.168525	  0.637394	  0.778892	  0.210372	  0.911719	  0.993298	  5.928400	  0.390426	736.266634	
15007.198775	  0.069903	 20.811659	  0.149744	 72.873558	  0.883886	 84.713249	  0.042789	  0.866400	  0.070716	  0.796477	  0.053573	  5.345786	  0.090911	551.521637	
15722.055671	  0.675887	 28.172993	  0.592202	 65.005156	  0.461102	 84.685596	  0.109789	  0.802441	  0.672955	  0.958421	  0.607047	  5.645048	  0.870979	679.871235	
16880.472556	  0.342124	 25.967882	  0.969056	 65.703036	  0.498600	 84.569847	  0.390239	  0.867601	  0.047125	  1.000256	  0.261036	  5.613896	  0.789775	627.959090	
16390.873601	  0.757157	 21.391537	  0.248845	 68.377122	  0.642284	 83.947590	  0.102090	  0.770520	  0.045925	  0.866938	  0.636333	  5.497414	  0.486149	622.726726	
17281.415232	  0.002245	 20.444996	  0.087081	 87.471248	  0.331752	 83.979797	  0.180125	  0.813019	  0.880737	  0.839939	  0.413027	  5.492933	  0.474469	604.608081	
16732.493898	  0.467565	 30.291680	  0.230118	 92.292338	  0.072706	 84.083442	  0.431245	  0.789828	  0.425183	  0.849011	  0.488061	  5.695834	  0.996641	694.281346	
15684.073222	  0.643689	 26.059703	  0.953364	 76.910401	  0.899207	 83.977493	  0.174542	  0.776544	  0.164259	  0.874215	  0.696512	  6.006002	  0.188146	685.031429	
15631.740283	  0.599327	 23.502514	  0.609612	 91.156311	  0.133747	 84.540709	  0.460838	  0.855169	  0.291328	  0.989175	  0.352689	  5.815622	  0.684398	669.626628	
15357.868539	  0.367166	 23.301828	  0.575314	 69.108987	  0.681608	 84.005405	  0.242170	  0.807467	  0.771672	  0.885286	  0.788077	  6.076545	  0.004266	679.860492	
17131.797185	  0.129076	 29.689896	  0.332963	 82.604990	  0.593225	 83.941542	  0.087437	  0.790963	  0.447487	  0.938140	  0.774779	  5.851403	  0.591129	720.875628	
16228.304940	  0.894966	 27.613878	  0.687755	 56.651289	  0.012232	 84.448409	  0.684473	  0.796302	  0.552353	  0.873677	  0.692063	  6.004264	  0.192677	654.411719	
15996.218065	  0.908294	 27.198089	  0.758813	 75.425773	  0.978979	 84.043030	  0.333331	  0.825041	  0.883130	  0.840470	  0.417423	  5.795931	  0.735726	663.170708	
16492.188550	  0.671272	 29.442311	  0.375275	 92.764340	  0.047344	 84.692798	  0.092340	  0.820113	  0.979925	  0.945406	  0.714687	  5.346387	  0.092479	649.306538	
17192.579282	  0.077551	 29.179177	  0.420245	 71.265373	  0.797475	 84.662851	  0.164898	  0.802383	  0.671811	  0.840097	  0.414339	  5.911184	  0.435303	634.961323	
16671.504379	  0.519266	 30.626013	  0.172980	 69.053540	  0.678629	 84.709813	  0.051113	  0.820829	  0.965865	  1.007885	  0.197939	  5.334096	  0.060441	594.668040	
16525.127229	  0.643350	 22.083787	  0.367151	 83.115001	  0.565822	 84.368358	  0.878428	  0.861796	  0.161156	  0.968901	  0.520366	  5.994958	  0.216935	687.311718	
15730.742811	  0.683251	 26.876439	  0.813783	 81.944823	  0.628697	 84.107268	  0.488976	  0.814250	  0.904906	  0.879998	  0.744345	  5.525259	  0.558733	627.460965	
14962.688346	  0.032172	 21.101205	  0.199227	 81.101726	  0.673999	 84.224041	  0.771905	  0.774088	  0.116009	  0.992008	  0.329260	  5.373789	  0.163905	609.780749	
15053.116388	  0.108828	 30.492514	  0.195795	 79.631498	  0.752997	 84.114580	  0.506691	  0.823222	  0.918850	  0.930548	  0.837570	  5.605673	  0.768341	686.184912	
16594.577843	  0.584477	 25.365196	  0.927945	 58.689373	  0.121742	 84.683920	  0.113851	  0.775625	  0.146208	  0.861108	  0.588115	  5.645594	  0.872402	621.706902	
16588.594118	  0.589549	 28.728150	  0.497325	 66.491958	  0.540990	 84.079481	  0.421650	  0.838148	  0.625656	  0.877614	  0.724625	  6.043763	  0.089717	673.787908	
15368.823533	  0.376452	 27.128517	  0.770703	 70.568463	  0.760029	 84.632092	  0.239425	  0.846225	  0.467017	  1.030388	  0.011829	  6.029990	  0.125619	711.237641	
15982.153770	  0.896372	 26.507736	  0.876795	 65.125347	  0.467560	 84.222205	  0.767456	  0.788563	  0.400340	  0.949896	  0.677555	  5.432806	  0.317740	636.609812	
16632.504416	  0.552326	 29.194674	  0.417596	 58.139026	  0.092171	 84.080145	  0.423257	  0.846342	  0.464714	  0.852786	  0.519282	  5.362631	  0.134821	553.057078	
15579.547389	  0.555083	 31.312209	  0.055709	 80.114777	  0.727029	 84.622253	  0.263263	  0.859438	  0.207463	  0.937713	  0.778313	  5.919936	  0.412490	685.508375	
17154.760672	  0.109610	 25.049934	  0.874066	 66.166536	  0.523505	 83.919858	  0.034896	  0.811935	  0.859429	  0.939245	  0.765644	  5.767890	  0.808817	703.919519	
16488.481118	  0.674415	 30.376877	  0.215557	 67.807426	  0.611673	 84.101663	  0.475393	  0.809864	  0.818764	  0.985476	  0.383280	  5.575678	  0.690156	667.010891	
17281.772406	  0.001942	 21.110920	  0.200887	 90.689211	  0.158845	 84.464881	  0.644561	  0.773108	  0.096767	  0.975258	  0.467793	  5.734351	  0.896241	772.789687	
15949.234880	  0.868467	 20.768201	  0.142317	 85.402035	  0.442935	 84.464602	  0.645239	  0.843733	  0.515953	  0.930034	  0.841826	  5.589244	  0.725517	617.954775	
16803.561034	  0.407322	 20.240305	  0.052099	 64.226401	  0.419258	 84.265154	  0.871518	  0.860031	  0.195814	  0.798316	  0.068778	  5.465167	  0.402094	601.649409	
15813.427996	  0.753343	 29.507757	  0.364090	 92.879345	  0.041165	 84.110301	  0.496324	  0.823511	  0.913186	  0.806029	  0.132568	  6.033869	  0.115507	680.843452	
16591.698705	  0.586917	 21.562482	  0.278059	 63.077975	  0.357550	 84.576906	  0.373136	  0.856519	  0.264799	  0.932157	  0.824266	  5.564178	  0.660180	610.166863	
15306.000192	  0.323197	 30.119226	  0.259590	 65.740643	  0.500621	 84.128751	  0.541027	  0.804436	  0.712128	  0.929040	  0.850043	  5.557979	  0.644022	679.756632	
17035.377554	  0.210811	 20.784085	  0.145031	 80.395868	  0.711926	 84.084205	  0.433095	  0.803298	  0.689785	  0.984737	  0.389393	  5.968243	  0.286571	692.286198	
16741.092346	  0.460276	 21.020122	  0.185370	 61.856789	  0.291934	 84.346091	  0.932380	  0.777895	  0.190797	  0.948996	  0.684994	  5.400144	  0.232602	656.650919	
15138.161420	  0.180920	 27.455874	  0.714758	 66.883490	  0.562028	 84.412315	  0.771923	  0.778146	  0.195720	  1.002152	  0.245357	  5.785323	  0.763377	728.305385	
15551.829021	  0.531586	 26.636022	  0.854871	 85.735639	  0.425010	 84.516540	  0.519397	  0.849947	  0.393897	  1.014170	  0.145958	  5.424941	  0.297240	639.748075	
15651.094996	  0.615734	 27.325733	  0.736999	 78.002085	  0.840548	 84.517299	  0.517557	  0.778933	  0.211188	  0.929844	  0.843395	  5.651202	  0.887020	690.243753	
16658.106844	  0.530623	 19.961285	  0.004414	 68.507667	  0.649298	 84.149443	  0.591160	  0.803540	  0.694536	  0.994426	  0.309254	  5.597639	  0.747401	656.898443	
15904.094107	  0.830201	 31.402426	  0.040291	 75.408242	  0.979921	 84.034081	  0.311650	  0.781604	  0.263650	  0.871852	  0.676975	  5.356641	  0.119205	626.588361	
15380.760359	  0.386571	 30.279975	  0.232118	 86.802482	  0.367686	 84.051097	  0.352877	  0.839975	  0.589773	  0.938257	  0.773812	  5.993933	  0.219606	704.541933	
17094.122965	  0.161013	 24.490882	  0.778524	 79.943802	  0.736216	 83.924625	  0.046447	  0.772148	  0.077909	  0.955234	  0.633404	  5.788879	  0.754108	731.911125	
16670.905503	  0.519774	 23.050787	  0.532411	 67.379513	  0.588680	 84.442044	  0.699894	  0.794906	  0.524942	  1.000699	  0.257378	  5.858278	  0.573211	709.492851	
15036.821618	  0.095015	 27.284702	  0.744011	 58.894813	  0.132781	 84.109261	  0.493804	  0.827255	  0.839637	  1.019397	  0.102731	  6.043025	  0.091642	711.774014	
16708.784093	  0.487664	 21.452198	  0.259212	 67.071022	  0.572105	 84.199273	  0.711894	  0.855332	  0.288121	  0.812470	  0.185840	  5.605409	  0.767653	630.200445	
16288.313680	  0.844097	 23.569983	  0.621142	 62.404264	  0.321351	 84.261579	  0.862857	  0.791618	  0.460360	  0.792645	  0.021874	  5.468779	  0.411508	612.775843	
15903.978380	  0.830103	 28.945634	  0.460157	 84.629737	  0.484432	 84.488473	  0.587399	  0.849478	  0.403102	  0.906633	  0.964638	  5.324474	  0.035360	599.775129	
15955.955229	  0.874163	 31.316358	  0.055000	 76.563407	  0.917851	 84.244586	  0.821685	  0.769900	  0.033746	  0.834338	  0.366703	  5.751625	  0.851215	676.607273	
15809.999105	  0.750437	 23.184180	  0.555208	 79.658594	  0.751541	 84.681129	  0.120612	  0.868855	  0.022498	  0.794994	  0.041302	  5.959326	  0.309814	566.466318	
15578.816141	  0.554463	 25.083665	  0.879831	 78.650588	  0.805703	 84.152112	  0.597628	  0.859748	  0.201385	  1.010126	  0.179411	  5.483365	  0.449531	664.065802	
15047.411512	  0.103992	 28.446023	  0.545541	 62.777519	  0.341406	 84.062059	  0.379438	  0.837562	  0.637183	  1.022225	  0.079338	  5.359882	  0.127655	658.602000	
16133.576226	  0.975267	 28.478217	  0.540039	 59.162121	  0.147144	 84.538821	  0.465411	  0.840634	  0.576831	  0.836153	  0.381715	  5.898739	  0.467742	623.574896	
16776.391064	  0.430354	 22.969266	  0.518479	 67.187454	  0.578361	 84.326760	  0.979216	  0.821314	  0.956328	  0.924625	  0.886558	  5.512862	  0.526418	615.143950	
15018.073630	  0.079122	 20.172476	  0.040507	 85.158124	  0.456041	 84.184729	  0.676656	  0.848415	  0.423990	  0.868994	  0.653335	  5.823120	  0.664853	647.688040	
15863.950644	  0.796171	 28.031760	  0.616339	 63.187441	  0.363432	 84.068616	  0.395323	  0.864723	  0.103648	  0.926856	  0.868105	  5.331858	  0.054606	568.774453	
17172.761570	  0.094351	 24.639786	  0.803972	 92.374732	  0.068278	 84.369765	  0.875020	  0.796745	  0.561062	  0.913029	  0.982468	  5.972389	  0.275765	648.071244	
16969.522446	  0.266636	 30.689012	  0.162213	 62.984602	  0.352533	 84.546039	  0.447923	  0.769187	  0.019735	  0.877869	  0.726733	  5.418635	  0.280801	653.005451	
17066.025548	  0.184831	 24.255342	  0.738270	 92.387598	  0.067587	 84.571581	  0.386038	  0.813672	  0.893552	  0.889288	  0.821182	  5.520555	  0.546470	601.896668	
15541.847593	  0.523125	 30.744414	  0.152745	 78.079689	  0.836379	 83.938807	  0.080808	  0.789625	  0.421202	  0.836626	  0.385627	  5.854238	  0.583740	684.756448	
15450.767698	  0.445916	 29.574715	  0.352647	 72.019648	  0.838004	 84.096123	  0.461972	  0.812009	  0.860883	  1.021868	  0.082296	  5.930088	  0.386026	729.901056	
16232.078876	  0.891767	 23.695033	  0.642513	 69.808883	  0.719215	 84.565390	  0.401037	  0.773417	  0.102832	  0.804981	  0.123903	  5.512648	  0.525859	619.937921	
15724.114224	  0.677632	 29.724938	  0.326974	 61.344709	  0.264419	 84.017669	  0.271885	  0.813661	  0.893337	  0.992783	  0.322846	  5.908674	  0.441846	716.052583	
15216.586420	  0.247401	 25.937567	  0.974237	 64.919514	  0.456500	 84.050946	  0.352512	  0.868538	  0.028712	  0.880394	  0.747623	  5.448127	  0.357677	577.463802	
15186.687138	  0.222055	 20.123730	  0.032176	 65.057583	  0.463919	 84.269910	  0.883042	  0.782786	  0.286861	  0.976201	  0.459987	  5.660182	  0.910427	715.614936	
15398.370128	  0.401499	 28.910122	  0.466226	 93.024655	  0.033357	 84.121898	  0.524423	  0.779984	  0.231817	  0.950789	  0.670163	  6.015238	  0.164073	717.979651	
16924.854213	  0.304502	 28.771218	  0.489965	 79.323059	  0.769570	 84.216716	  0.754157	  0.802756	  0.679136	  0.975594	  0.465014	  5.447647	  0.356426	640.356072	
16533.474139	  0.636274	 28.580012	  0.522642	 83.743963	  0.532026	 84.453885	  0.671203	  0.863218	  0.133211	  0.973836	  0.479548	  5.618276	  0.801193	642.516598	
15306.047315	  0.323237	 28.754345	  0.492849	 84.147726	  0.510331	 84.141609	  0.572180	  0.796696	  0.560094	  0.802855	  0.106320	  5.819441	  0.674442	660.349404	
17227.821157	  0.047677	 24.238174	  0.735336	 75.480561	  0.976035	 84.399121	  0.803892	  0.842784	  0.534605	  0.807676	  0.146195	  5.319432	  0.022215	550.404526	
16393.876089	  0.754611	 25.733281	  0.990850	 86.864376	  0.364360	 84.380557	  0.848872	  0.846702	  0.457646	  0.966932	  0.536654	  5.723416	  0.924744	652.198465	
16975.551849	  0.261525	 29.208546	  0.415226	 78.397136	  0.819322	 84.141941	  0.572983	  0.805234	  0.727817	  0.989060	  0.353640	  6.009345	  0.179434	736.314624	
14964.712571	  0.033888	 20.731857	  0.136105	 60.583210	  0.223502	 83.966453	  0.147793	  0.828568	  0.813843	  0.892425	  0.847126	  5.632713	  0.838825	651.191470	
15351.213850	  0.361525	 27.779293	  0.659485	 78.273586	  0.825960	 84.636387	  0.229019	  0.769836	  0.032497	  0.812154	  0.183227	  5.572461	  0.681769	622.569038	
15495.322588	  0.483686	 20.239074	  0.051889	 61.313392	  0.262736	 84.171593	  0.644829	  0.826495	  0.854558	  1.004068	  0.229510	  5.671113	  0.938921	667.913644	
16328.118257	  0.810354	 21.597169	  0.283987	 62.372369	  0.319637	 84.399247	  0.803586	  0.852089	  0.351819	  1.017665	  0.117056	  5.840966	  0.618335	709.944616	
15290.421298	  0.309991	 28.658906	  0.509159	 78.157578	  0.832193	 84.321069	  0.993006	  0.837083	  0.646577	  0.891577	  0.840112	  5.903511	  0.455304	687.801955	
15538.696436	  0.520454	 26.002488	  0.963142	 87.348442	  0.338351	 84.591816	  0.337009	  0.850272	  0.387521	  0.866911	  0.636109	  5.811138	  0.696085	591.111429	
15406.425996	  0.408328	 22.681938	  0.469375	 70.943348	  0.780172	 84.009415	  0.251886	  0.810005	  0.821532	  0.975708	  0.464069	  5.595256	  0.741188	660.403854	
16011.638655	  0.921366	 23.492904	  0.607969	 88.308622	  0.286758	 84.697440	  0.081093	  0.778302	  0.198787	  0.858363	  0.565409	  5.956281	  0.317753	683.605249	
16109.684959	  0.995520	 24.330867	  0.751177	 85.258973	  0.450622	 84.404956	  0.789754	  0.866198	  0.074675	  0.903937	  0.942338	  5.361524	  0.131935	585.269992	
17149.451234	  0.114111	 21.711433	  0.303515	 57.195017	  0.041448	 84.073347	  0.406787	  0.809858	  0.818644	  0.937336	  0.781430	  5.897039	  0.472174	684.558145	
17108.474081	  0.148847	 24.471726	  0.775250	 72.166951	  0.845919	 84.509761	  0.535822	  0.836936	  0.649463	  0.810377	  0.168530	  5.332772	  0.056990	535.507986	
16359.583487	  0.783681	 21.296396	  0.232585	 91.775744	  0.100463	 84.668678	  0.150779	  0.809265	  0.806990	  0.984971	  0.387456	  5.834715	  0.634630	660.926530	
15176.674348	  0.213568	 30.576743	  0.181400	 58.520139	  0.112649	 84.687777	  0.104506	  0.781596	  0.263486	  0.844108	  0.447513	  5.797437	  0.731800	650.399310	
16633.944305	  0.551106	 24.326050	  0.750354	 61.780721	  0.287846	 84.086995	  0.439854	  0.810908	  0.839270	  0.917403	  0.946292	  5.549930	  0.623041	657.669922	
15477.031291	  0.468180	 22.189678	  0.385248	 81.653744	  0.644338	 84.546174	  0.447596	  0.827188	  0.840957	  0.971694	  0.497265	  5.899938	  0.464617	659.139101	
16061.113091	  0.963306	 27.061244	  0.782200	 61.173753	  0.255233	 84.148308	  0.588412	  0.777177	  0.176683	  0.975438	  0.466298	  5.787636	  0.757347	678.753188	
15140.405326	  0.182822	 25.607001	  0.969269	 78.636813	  0.806443	 84.570783	  0.387971	  0.796572	  0.557667	  0.943838	  0.727655	  5.829928	  0.647107	693.020694	
16741.803887	  0.459673	 25.667659	  0.979636	 88.515347	  0.275651	 84.663336	  0.163723	  0.866520	  0.068354	  0.840895	  0.420938	  5.360191	  0.128460	509.108758	
16083.197751	  0.982027	 20.094957	  0.027259	 92.997902	  0.034794	 84.104234	  0.481623	  0.797006	  0.566184	  0.981060	  0.419799	  5.748530	  0.859283	689.424818	
16021.081697	  0.929371	 21.092688	  0.197771	 68.386848	  0.642806	 84.679339	  0.124949	  0.853419	  0.325694	  0.968061	  0.527315	  5.989957	  0.229971	651.390811	
15052.912536	  0.108655	 27.142283	  0.768351	 80.010749	  0.732619	 84.674292	  0.137177	  0.792868	  0.484910	  0.997992	  0.279767	  5.321358	  0.027238	622.351175	
15100.912228	  0.149344	 28.589179	  0.521076	 87.297325	  0.341097	 84.364651	  0.887410	  0.783017	  0.291405	  0.939818	  0.760903	  5.481722	  0.445247	628.099150	
15588.482912	  0.562657	 24.950547	  0.857081	 79.722050	  0.748131	 84.208337	  0.733856	  0.867236	  0.054289	  0.894741	  0.866282	  5.367635	  0.147865	590.287062	
16531.276398	  0.638137	 21.276536	  0.229191	 71.166611	  0.792168	 83.910352	  0.011864	  0.788573	  0.400545	  1.000363	  0.260151	  5.733022	  0.899705	684.222864	
16203.863433	  0.915685	 20.844195	  0.155304	 57.106117	  0.036671	 84.156662	  0.608653	  0.807553	  0.773364	  1.000646	  0.257816	  5.319080	  0.021298	606.623899	
15557.006861	  0.535975	 20.622041	  0.117338	 71.613090	  0.816159	 84.087407	  0.440852	  0.779211	  0.216643	  0.897342	  0.887790	  5.553313	  0.631858	643.511857	
15230.313900	  0.259038	 27.963341	  0.628032	 86.558181	  0.380813	 83.961225	  0.135125	  0.769995	  0.035614	  0.903867	  0.941758	  5.794456	  0.739569	723.373272	
16141.432274	  0.968608	 26.220789	  0.925834	 67.060387	  0.571533	 84.340337	  0.946322	  0.782717	  0.285518	  0.863738	  0.609867	  6.071428	  0.017604	667.097731	
17011.319261	  0.231205	 31.537426	  0.017219	 57.073859	  0.034938	 84.023800	  0.286740	  0.860599	  0.184665	  0.792261	  0.018703	  5.424584	  0.296308	559.407506	
