  2.857520	  0.525066	  1.897938	  0.424613	  0.967019	  0.824525	  0.428478	  0.410625	  0.016621	  0.415533	1270.877515	  0.394556	10887.785899	  0.864013	 23.586734	  0.167025	-75.155226	  0.423594	 42.672419	  0.334179	 -7.178783	  0.958535	  1.017283	  0.123468	18698.163195	
  3.283623	  0.054588	  1.898581	  0.428632	  0.967099	  0.822520	  0.430818	  0.462619	  0.048254	  0.793643	1282.074947	  0.892220	10976.123253	  0.980400	 27.392751	  0.567658	-74.775787	  0.784964	 46.941383	  0.961968	 -7.589370	  0.742437	  1.000101	  0.290282	18961.667164	
  3.168434	  0.438554	  2.131948	  0.112822	  0.959442	  0.986041	  0.499611	  0.008643	  0.006258	  0.156456	1306.291454	  0.031491	10699.314980	  0.615698	 34.340997	  0.700948	-74.084514	  0.556680	 52.404454	  0.234639	 -5.591759	  0.206189	  0.942480	  0.849709	18068.304682	
  2.892210	  0.640702	  1.873773	  0.273583	  0.963259	  0.918526	  0.431606	  0.480127	  0.058034	  0.549162	1299.746794	  0.322365	10702.247737	  0.619562	 32.776588	  0.865622	-74.589707	  0.962184	 49.637073	  0.641607	 -7.774313	  0.645098	  0.834199	  0.099020	18746.604474	
  3.051619	  0.827936	  1.978874	  0.930460	  0.999305	  0.017366	  0.420283	  0.228520	  0.002005	  0.050127	1277.442545	  0.686335	11697.106804	  0.069688	 40.865094	  0.014201	-73.641513	  0.134774	 53.824719	  0.025777	 -8.714352	  0.150341	  0.842232	  0.177014	15811.630907	
  2.963465	  0.878216	  2.002188	  0.923827	  0.944372	  0.609302	  0.484805	  0.337668	  0.052690	  0.682747	1283.359236	  0.949299	10330.857456	  0.130247	 27.862118	  0.617065	-73.975692	  0.453040	 43.395438	  0.440506	 -7.556081	  0.759957	  0.995704	  0.332970	18252.501566	
  2.778690	  0.262300	  1.932602	  0.641263	  0.932186	  0.304647	  0.469362	  0.680851	  0.002451	  0.061269	1275.674107	  0.607738	10574.648659	  0.451448	 37.344379	  0.384802	-75.539729	  0.057401	 45.341796	  0.726735	 -6.323757	  0.591451	  0.972397	  0.559257	16748.641032	
  2.893898	  0.646326	  2.019453	  0.815919	  0.963411	  0.914726	  0.448047	  0.845496	  0.028451	  0.711267	1284.724308	  0.990031	11011.020850	  0.973622	 33.572913	  0.781799	-75.483957	  0.110518	 53.652045	  0.051170	 -7.381058	  0.852075	  0.997407	  0.316432	18009.130719	
  3.260077	  0.133078	  2.045145	  0.655344	  0.932780	  0.319498	  0.453695	  0.971006	  0.001350	  0.033761	1301.879662	  0.227571	11207.531371	  0.714715	 22.296094	  0.031168	-74.585711	  0.965990	 45.715658	  0.781714	 -8.397086	  0.317323	  0.991176	  0.376931	20406.071940	
  3.278678	  0.071072	  1.853278	  0.145490	  0.927680	  0.191991	  0.468150	  0.707780	  0.015476	  0.386896	1300.645845	  0.282407	10341.160225	  0.143821	 29.972043	  0.839162	-74.737314	  0.821606	 43.255572	  0.419937	 -7.425702	  0.828578	  0.912397	  0.858219	16037.598678	
  3.029177	  0.902742	  2.049929	  0.625443	  0.970366	  0.740851	  0.448516	  0.855911	  0.013726	  0.343142	1263.598026	  0.071023	11439.318044	  0.409331	 29.660744	  0.806394	-74.559678	  0.990782	 43.934376	  0.519761	 -7.552564	  0.761809	  0.966218	  0.619246	17472.568548	
  2.896451	  0.654835	  1.924292	  0.589327	  0.989988	  0.250297	  0.422963	  0.288069	  0.007509	  0.187726	1285.186396	  0.969493	11362.925597	  0.509979	 33.558574	  0.783308	-74.374304	  0.832671	 46.612630	  0.913622	 -8.895829	  0.054827	  0.975346	  0.530618	18308.130133	
  2.787067	  0.290224	  2.053459	  0.603383	  0.929685	  0.242126	  0.489140	  0.241336	  0.036822	  0.920554	1297.175369	  0.436650	10281.916042	  0.065766	 31.110347	  0.958984	-75.468460	  0.125276	 50.473118	  0.518659	 -6.706818	  0.793062	  0.912054	  0.854894	15380.785552	
  2.821330	  0.404432	  1.959947	  0.812170	  0.921970	  0.049249	  0.469331	  0.681538	  0.053260	  0.668500	1287.796760	  0.853477	11082.903557	  0.878915	 40.135398	  0.091011	-74.268156	  0.731577	 52.595910	  0.206484	 -5.960925	  0.400487	  0.876143	  0.506240	21117.604908	
  3.273584	  0.088054	  2.060716	  0.558025	  0.920375	  0.009374	  0.446595	  0.813219	  0.043649	  0.908780	1263.358641	  0.060384	11073.634687	  0.891127	 38.972167	  0.213456	-75.029711	  0.543133	 45.838570	  0.799790	 -7.056337	  0.977019	  0.934885	  0.923447	19333.054906	
  3.112542	  0.624859	  2.124161	  0.161492	  0.965976	  0.850599	  0.490836	  0.203651	  0.060720	  0.482007	1269.733942	  0.343731	11371.633962	  0.498506	 32.773499	  0.865947	-75.063018	  0.511412	 43.304481	  0.427130	 -7.101337	  0.999296	  0.925643	  0.986824	17397.124324	
  2.852232	  0.507441	  2.022524	  0.796725	  0.950660	  0.766498	  0.486692	  0.295735	  0.070213	  0.244682	1300.571909	  0.285693	11213.695825	  0.706593	 24.992997	  0.315052	-73.561980	  0.059029	 45.946963	  0.815730	 -7.731811	  0.667468	  0.876815	  0.512770	23028.619497	
  2.958494	  0.861647	  2.037407	  0.703708	  0.956231	  0.905776	  0.443208	  0.737961	  0.031615	  0.790383	1289.415221	  0.781546	10592.633252	  0.475143	 40.813286	  0.019654	-73.872358	  0.354627	 51.100351	  0.426419	 -5.536783	  0.177254	  0.948886	  0.787514	19067.742589	
  2.709350	  0.031168	  1.991932	  0.987926	  0.928485	  0.212132	  0.497476	  0.056098	  0.028304	  0.707597	1304.940546	  0.091531	10550.355639	  0.419441	 35.630944	  0.565164	-73.803230	  0.288791	 46.908777	  0.957173	 -8.257255	  0.390918	  0.848517	  0.238025	21145.614904	
  2.829378	  0.431259	  1.985899	  0.974366	  0.966783	  0.830425	  0.480867	  0.425186	  0.059442	  0.513954	1296.793132	  0.453639	10849.906939	  0.814107	 23.917244	  0.201815	-75.572036	  0.026633	 52.607409	  0.204793	 -7.733231	  0.666720	  0.881870	  0.561842	20039.759726	
  3.151913	  0.493625	  1.985310	  0.970686	  0.985708	  0.357300	  0.463856	  0.803199	  0.032633	  0.815835	1302.657135	  0.193016	11483.861586	  0.350643	 39.933634	  0.112249	-75.213972	  0.367646	 44.938787	  0.667469	 -6.547545	  0.709234	  0.990152	  0.386874	19495.157823	
  3.184941	  0.383530	  2.054662	  0.595864	  0.939129	  0.478234	  0.445973	  0.799397	  0.039785	  0.994631	1285.044074	  0.975819	10854.366298	  0.819982	 29.847557	  0.826059	-73.543158	  0.041103	 45.872396	  0.804764	 -5.457064	  0.135297	  0.992579	  0.363313	19222.475343	
  2.855214	  0.517380	  2.019046	  0.818463	  0.933327	  0.333182	  0.453337	  0.963048	  0.047908	  0.802296	1292.704035	  0.635376	11179.966470	  0.751032	 33.453312	  0.794388	-73.818789	  0.303609	 46.104790	  0.838940	 -6.062150	  0.453763	  0.942131	  0.853096	20841.444650	
  2.869690	  0.565632	  1.882402	  0.327510	  0.975288	  0.617800	  0.495075	  0.109446	  0.015554	  0.388861	1296.760134	  0.455105	11681.835844	  0.089808	 27.456995	  0.574420	-75.427903	  0.163902	 42.531407	  0.313442	 -5.347594	  0.077681	  0.954252	  0.735421	15848.737611	
  2.800203	  0.334009	  1.985079	  0.969243	  0.942752	  0.568805	  0.448688	  0.859742	  0.072770	  0.180742	1291.693962	  0.680268	11653.767753	  0.126788	 29.481288	  0.787504	-75.311319	  0.274934	 45.505595	  0.750823	 -6.769214	  0.825902	  1.011449	  0.180102	17860.699748	
  3.156124	  0.479585	  1.915715	  0.535721	  0.925959	  0.148972	  0.463928	  0.801596	  0.010738	  0.268455	1286.283706	  0.920724	10476.369563	  0.321963	 32.187868	  0.927593	-74.959138	  0.610344	 44.395362	  0.587553	 -7.927030	  0.564721	  0.967247	  0.609250	15680.928699	
  2.820127	  0.400424	  1.998094	  0.949412	  0.955642	  0.891048	  0.427902	  0.397814	  0.078510	  0.037261	1271.181255	  0.408056	11445.310559	  0.401435	 26.474280	  0.470977	-74.672430	  0.883400	 53.601165	  0.058652	 -5.653627	  0.238751	  0.859548	  0.345126	19406.850698	
  2.755215	  0.184048	  1.970327	  0.877043	  0.997741	  0.056463	  0.446968	  0.821513	  0.007299	  0.182486	1274.021753	  0.534300	11296.485933	  0.597515	 36.636305	  0.459336	-74.498901	  0.951335	 40.684319	  0.041812	 -5.344732	  0.076175	  0.831327	  0.071137	17591.016558	
  3.036131	  0.879563	  1.981338	  0.945865	  0.957072	  0.926811	  0.449197	  0.871035	  0.020944	  0.523591	1292.515348	  0.643762	10396.142161	  0.216261	 37.679984	  0.349475	-75.293791	  0.291627	 47.580308	  0.944072	 -6.292139	  0.574810	  1.000631	  0.285133	17065.681822	
  2.924049	  0.746830	  2.086426	  0.397339	  0.976701	  0.582476	  0.458821	  0.915090	  0.073286	  0.167850	1289.045043	  0.797998	11470.154541	  0.368703	 40.558024	  0.046524	-74.367771	  0.826448	 45.387302	  0.733427	 -8.269691	  0.384373	  0.867474	  0.422082	17578.322551	
  3.113504	  0.621655	  1.973952	  0.899700	  0.982704	  0.432391	  0.492717	  0.161840	  0.012723	  0.318071	1305.512226	  0.066123	11178.502590	  0.752961	 32.622869	  0.881803	-73.783112	  0.269630	 51.200901	  0.411632	 -6.565185	  0.718518	  0.951923	  0.758031	19525.787964	
  3.209715	  0.300950	  2.009366	  0.878961	  0.987310	  0.317253	  0.492134	  0.174811	  0.017794	  0.444839	1262.698328	  0.031037	10246.598501	  0.019234	 22.969747	  0.102079	-73.509087	  0.008654	 44.766497	  0.642132	 -8.911831	  0.046405	  1.024478	  0.053613	20360.566208	
  2.878152	  0.593840	  2.149832	  0.001053	  0.952121	  0.803017	  0.493182	  0.151521	  0.015574	  0.389339	1305.773481	  0.054512	11070.946954	  0.894668	 26.486674	  0.472281	-73.781900	  0.268476	 41.410561	  0.148612	 -5.499608	  0.157688	  0.845487	  0.208614	20895.265887	
  2.961418	  0.871393	  2.023567	  0.790203	  0.992916	  0.177101	  0.422774	  0.283868	  0.052569	  0.685763	1286.520284	  0.910210	11010.149030	  0.974771	 39.244525	  0.184787	-74.895635	  0.670824	 50.057052	  0.579845	 -6.222583	  0.538202	  0.950527	  0.771587	17917.263883	
  2.912475	  0.708250	  2.068177	  0.511395	  0.940411	  0.510269	  0.464358	  0.792055	  0.042038	  0.949046	1291.001515	  0.711044	11350.632266	  0.526176	 27.295929	  0.557466	-74.758275	  0.801643	 42.640772	  0.329525	 -6.587593	  0.730312	  0.914455	  0.878205	18809.990968	
  2.713014	  0.043380	  2.029384	  0.753849	  0.939842	  0.496052	  0.424322	  0.318270	  0.004440	  0.111007	1284.563187	  0.997192	10659.924770	  0.563801	 29.867132	  0.828119	-75.323991	  0.262865	 51.833622	  0.318585	 -5.672632	  0.248754	  1.002260	  0.269316	16051.937054	
  2.864965	  0.549882	  2.072987	  0.481331	  0.980671	  0.483224	  0.482701	  0.384426	  0.013758	  0.343956	1278.427196	  0.730098	11416.643826	  0.439204	 22.020794	  0.002189	-74.894023	  0.672359	 45.177656	  0.702596	 -6.127279	  0.488042	  0.926704	  0.997130	19585.657867	
  2.835274	  0.450914	  2.066930	  0.519187	  0.959017	  0.975426	  0.491580	  0.187109	  0.071600	  0.210010	1296.623692	  0.461169	10882.550357	  0.857115	 25.069298	  0.323084	-73.629920	  0.123734	 53.831190	  0.024825	 -6.453745	  0.659866	  0.984814	  0.438701	21642.574550	
  2.850517	  0.501724	  2.010389	  0.872572	  0.990476	  0.238105	  0.434347	  0.541053	  0.023634	  0.590860	1269.788311	  0.346147	11582.437894	  0.220767	 30.734273	  0.919397	-74.628348	  0.925383	 42.363880	  0.288806	 -7.007675	  0.951408	  0.829869	  0.056984	19722.261940	
  3.296103	  0.012991	  1.836447	  0.040296	  0.926192	  0.154807	  0.445304	  0.784536	  0.026775	  0.669380	1275.500978	  0.600043	10258.869307	  0.035401	 30.651479	  0.910682	-75.390252	  0.199760	 42.172520	  0.260665	 -7.286351	  0.901921	  0.920667	  0.938513	16378.687908	
  2.853619	  0.512065	  2.126378	  0.147635	  0.943662	  0.591557	  0.439618	  0.658187	  0.034230	  0.855750	1287.631599	  0.860818	11727.951412	  0.029050	 22.392172	  0.041281	-73.973169	  0.450638	 42.703249	  0.338713	 -8.290525	  0.373408	  0.849728	  0.249789	20779.063869	
  3.216532	  0.278228	  2.016332	  0.835425	  0.977140	  0.571494	  0.456175	  0.973895	  0.064695	  0.382629	1285.145939	  0.971292	10916.534453	  0.901890	 31.863035	  0.961786	-75.479735	  0.114538	 40.504987	  0.015439	 -8.498237	  0.264086	  0.852163	  0.273426	16529.303670	
  3.189371	  0.368762	  2.123339	  0.166632	  0.928455	  0.211386	  0.413844	  0.085428	  0.042613	  0.934667	1268.529606	  0.290205	11374.527983	  0.494693	 37.829921	  0.333692	-75.431573	  0.160406	 51.933874	  0.303842	 -6.287956	  0.572608	  0.995625	  0.333734	17719.590375	
  2.792180	  0.307267	  1.893868	  0.399176	  0.922815	  0.070386	  0.447121	  0.824913	  0.000766	  0.019160	1286.769490	  0.899134	11436.760555	  0.412700	 27.638246	  0.593500	-75.586883	  0.012493	 47.424199	  0.967030	 -8.427536	  0.301297	  0.895533	  0.694495	19072.136305	
  3.001531	  0.994898	  1.899501	  0.434383	  0.958116	  0.952904	  0.440879	  0.686206	  0.079908	  0.002288	1299.124519	  0.350021	11690.856753	  0.077923	 36.195738	  0.505712	-73.729823	  0.218879	 47.153821	  0.993209	 -8.442823	  0.293251	  0.929021	  0.980380	18260.290918	
  3.017824	  0.940585	  1.849365	  0.121031	  0.991005	  0.224865	  0.461528	  0.854930	  0.029388	  0.734710	1285.340817	  0.962630	10518.198420	  0.377073	 39.243861	  0.184857	-74.317947	  0.778997	 45.908676	  0.810099	 -8.794981	  0.107905	  1.002893	  0.263176	16720.325639	
  3.056547	  0.811511	  2.140384	  0.060103	  0.984981	  0.375475	  0.487355	  0.281003	  0.026109	  0.652727	1276.748846	  0.655504	11331.506776	  0.551374	 27.240748	  0.551658	-74.106626	  0.577739	 48.144232	  0.861142	 -7.554114	  0.760993	  0.926904	  0.999069	18849.392173	
  3.268560	  0.104799	  2.143558	  0.040265	  0.983822	  0.404448	  0.470515	  0.655222	  0.049566	  0.760847	1265.167288	  0.140768	11354.467776	  0.521123	 32.003774	  0.946971	-74.259863	  0.723679	 52.830835	  0.171936	 -8.085582	  0.481273	  0.928737	  0.983134	17385.717887	
  3.109509	  0.634970	  2.013467	  0.853331	  0.984788	  0.380290	  0.444486	  0.766354	  0.071142	  0.221440	1285.798818	  0.942275	10582.366549	  0.461616	 29.739683	  0.814703	-74.050953	  0.524718	 53.483652	  0.075933	 -6.100759	  0.474084	  0.934207	  0.930029	14900.215446	
  2.711821	  0.039405	  2.096367	  0.335203	  0.958024	  0.950594	  0.447144	  0.825419	  0.038729	  0.968218	1268.313541	  0.280602	10586.455092	  0.467003	 32.893166	  0.853351	-74.633819	  0.920173	 44.142839	  0.550418	 -5.563611	  0.191374	  0.878321	  0.527384	18317.691374	
  2.808662	  0.362208	  1.838353	  0.052209	  0.989992	  0.250211	  0.433362	  0.519154	  0.017062	  0.426552	1262.120979	  0.005377	10417.989550	  0.245046	 38.344138	  0.279564	-74.519049	  0.970523	 49.881634	  0.605642	 -6.822453	  0.853922	  0.884016	  0.582684	18148.101828	
  3.182046	  0.393181	  1.999609	  0.939942	  0.978097	  0.547565	  0.416719	  0.149302	  0.028652	  0.716303	1273.911809	  0.529414	11534.708098	  0.283652	 23.742002	  0.183369	-74.273588	  0.736750	 50.119048	  0.570728	 -8.225149	  0.407816	  1.012663	  0.168316	21480.521834	
  3.167832	  0.440561	  1.848661	  0.116631	  0.958525	  0.963119	  0.446062	  0.801381	  0.003138	  0.078447	1302.469802	  0.201342	11554.914920	  0.257029	 25.555545	  0.374268	-73.937622	  0.416783	 48.605819	  0.793262	 -7.313768	  0.887491	  0.966295	  0.618497	22487.562739	
  3.048173	  0.839424	  2.078583	  0.446356	  0.977349	  0.566283	  0.491587	  0.186949	  0.060010	  0.499756	1293.642663	  0.593659	11700.678176	  0.064983	 40.821569	  0.018782	-74.947742	  0.621198	 49.696498	  0.632868	 -8.427503	  0.301314	  0.884113	  0.583624	14899.172210	
  3.160825	  0.463918	  2.018183	  0.823858	  0.956624	  0.915609	  0.497164	  0.063015	  0.043518	  0.912043	1270.997973	  0.399910	10686.253824	  0.598490	 31.685019	  0.980524	-75.579543	  0.019483	 51.102782	  0.426062	 -8.658187	  0.179901	  0.875329	  0.498341	17521.675591	
  2.738596	  0.128652	  1.846366	  0.102285	  0.975834	  0.604140	  0.472354	  0.614357	  0.049174	  0.770658	1302.850643	  0.184416	11441.551967	  0.406387	 28.251786	  0.658083	-74.703805	  0.853519	 44.499186	  0.602821	 -6.186939	  0.519442	  0.987011	  0.417372	21982.056996	
  3.185231	  0.382565	  1.949228	  0.745175	  0.929647	  0.241187	  0.439548	  0.656614	  0.066009	  0.349774	1287.512162	  0.866126	11293.793985	  0.601062	 28.611084	  0.695904	-74.784881	  0.776303	 50.833222	  0.465703	 -7.396881	  0.843747	  0.895561	  0.694763	17355.175682	
  2.830666	  0.435554	  1.975849	  0.911558	  0.996503	  0.087420	  0.418666	  0.192585	  0.069191	  0.270233	1302.036363	  0.220606	10675.090440	  0.583782	 27.761283	  0.606451	-73.551846	  0.049377	 43.923285	  0.518130	 -7.529990	  0.773690	  0.967036	  0.611298	18958.694459	
  3.286490	  0.045034	  1.838654	  0.054089	  0.995996	  0.100101	  0.424852	  0.330037	  0.022145	  0.553618	1263.535386	  0.068239	11106.545912	  0.847766	 32.347524	  0.910787	-74.684706	  0.871709	 51.915147	  0.306596	 -7.705105	  0.681523	  0.927255	  0.997525	16791.655694	
  3.249553	  0.168156	  2.111565	  0.240217	  0.994545	  0.136379	  0.422755	  0.283448	  0.024076	  0.601911	1272.355218	  0.460232	11540.791003	  0.275638	 26.262249	  0.448658	-74.901498	  0.665240	 53.229225	  0.113349	 -5.594036	  0.207387	  0.852648	  0.278135	16757.051746	
  3.032395	  0.892017	  2.015337	  0.841645	  0.980645	  0.483882	  0.457346	  0.947865	  0.067053	  0.323665	1288.657408	  0.815226	10889.800338	  0.866667	 38.147151	  0.300300	-74.564248	  0.986431	 48.073041	  0.871612	 -6.882163	  0.885349	  0.883236	  0.575109	17818.319031	
  3.009333	  0.968890	  2.068578	  0.508889	  0.940723	  0.518071	  0.470751	  0.649979	  0.043374	  0.915662	1268.794524	  0.301979	10860.348051	  0.827863	 29.263618	  0.764591	-74.341258	  0.801198	 44.960816	  0.670708	 -6.868686	  0.878256	  1.026181	  0.037074	18980.313686	
  3.225111	  0.249631	  2.126968	  0.143948	  0.980233	  0.494170	  0.455483	  0.989276	  0.050949	  0.726274	1306.011017	  0.043955	10645.315617	  0.544553	 27.429659	  0.571543	-74.727510	  0.830943	 41.150205	  0.110324	 -7.124415	  0.987150	  1.006208	  0.230991	16310.809433	
  2.995996	  0.986654	  2.117391	  0.203806	  0.931505	  0.287636	  0.428558	  0.412399	  0.013847	  0.346169	1275.242260	  0.588545	11729.517038	  0.026987	 26.107569	  0.432376	-74.064954	  0.538051	 43.132530	  0.401843	 -5.696917	  0.261535	  0.945749	  0.817969	18015.219160	
  2.940310	  0.801032	  2.035201	  0.717494	  0.957320	  0.933000	  0.442954	  0.732312	  0.057338	  0.566538	1299.264425	  0.343803	11165.493572	  0.770101	 32.718577	  0.871729	-74.524980	  0.976172	 40.592949	  0.028375	 -8.747328	  0.132985	  0.867703	  0.424296	18309.442007	
  3.082202	  0.725994	  1.998834	  0.944788	  0.982761	  0.430966	  0.463935	  0.801440	  0.073497	  0.162570	1269.159070	  0.318181	10443.611553	  0.278803	 33.665898	  0.772011	-74.925402	  0.642474	 46.774483	  0.937424	 -7.403638	  0.840191	  0.862920	  0.377863	15198.170601	
  3.059726	  0.800914	  1.916363	  0.539766	  0.989079	  0.273029	  0.492998	  0.155604	  0.000417	  0.010423	1271.253446	  0.411264	10278.065007	  0.060692	 28.093026	  0.641371	-73.820984	  0.305699	 53.868837	  0.019289	 -6.966267	  0.929614	  0.915588	  0.889203	14508.016534	
  2.827396	  0.424654	  2.072761	  0.482742	  0.922450	  0.061246	  0.491490	  0.189115	  0.013286	  0.332162	1290.237734	  0.744990	10495.531200	  0.347208	 32.860503	  0.856789	-73.703048	  0.193379	 51.261048	  0.402787	 -5.537347	  0.177551	  1.015918	  0.136719	17714.474099	
  3.152846	  0.490513	  1.856226	  0.163915	  0.952112	  0.802812	  0.425948	  0.354402	  0.060132	  0.496704	1285.356500	  0.961933	10872.937065	  0.844449	 22.685908	  0.072201	-75.331972	  0.255265	 42.354021	  0.287356	 -6.987424	  0.940749	  0.827815	  0.037043	18086.993095	
  3.223355	  0.255482	  1.939226	  0.682663	  0.937399	  0.434965	  0.467984	  0.711465	  0.027776	  0.694409	1292.103821	  0.662052	10552.284587	  0.421982	 37.049888	  0.415801	-74.860285	  0.704490	 45.807397	  0.795205	 -6.359901	  0.610474	  0.979925	  0.486169	18488.037757	
  2.943613	  0.812044	  2.051528	  0.615451	  0.921546	  0.038650	  0.470791	  0.649096	  0.029865	  0.746614	1290.413882	  0.737161	11697.465072	  0.069216	 30.141750	  0.857026	-73.936239	  0.415466	 48.728682	  0.775194	 -6.587659	  0.730347	  1.010293	  0.191332	18145.292373	
  2.810116	  0.367053	  1.967758	  0.860987	  0.961596	  0.960091	  0.496237	  0.083628	  0.053526	  0.661846	1270.909147	  0.395962	10605.022286	  0.491465	 30.785909	  0.924833	-74.872766	  0.692604	 41.130465	  0.107421	 -7.844544	  0.608135	  0.865329	  0.401253	17266.683744	
  3.073915	  0.753616	  1.921682	  0.573014	  0.939518	  0.487956	  0.433653	  0.525622	  0.026544	  0.663609	1288.513123	  0.821639	11198.334803	  0.726832	 39.589527	  0.148471	-74.037544	  0.511946	 44.323878	  0.577041	 -8.977899	  0.011632	  1.022201	  0.075715	18860.046704	
  3.183735	  0.387549	  2.074720	  0.470497	  0.937450	  0.436250	  0.450589	  0.901978	  0.006419	  0.160467	1303.050248	  0.175545	11112.204758	  0.840310	 34.547693	  0.679190	-75.271090	  0.313248	 47.507402	  0.954794	 -6.273839	  0.565179	  0.857444	  0.324701	17291.737040	
  2.911256	  0.704186	  1.962252	  0.826577	  0.969408	  0.764806	  0.487547	  0.276724	  0.026630	  0.665750	1295.434654	  0.514015	10316.178091	  0.110907	 39.251627	  0.184039	-74.163588	  0.631989	 50.289056	  0.545727	 -8.989118	  0.005728	  0.950627	  0.770613	15661.920804	
  3.129211	  0.569295	  1.838968	  0.056051	  0.929046	  0.226149	  0.472271	  0.616196	  0.012481	  0.312028	1306.161275	  0.037277	11319.208177	  0.567578	 34.744098	  0.658516	-74.274763	  0.737870	 50.171580	  0.563003	 -6.219930	  0.536805	  0.949882	  0.777848	22640.120581	
  3.076388	  0.745373	  2.035599	  0.715006	  0.991730	  0.206739	  0.478982	  0.467070	  0.020465	  0.511613	1286.432957	  0.914091	10917.845563	  0.903617	 30.687765	  0.914502	-73.955264	  0.433585	 45.103677	  0.691717	 -5.707378	  0.267041	  0.975454	  0.529576	18846.075820	
  3.289938	  0.033539	  1.887646	  0.360289	  0.971078	  0.723042	  0.414202	  0.093381	  0.002845	  0.071128	1263.611307	  0.071614	10267.943398	  0.047356	 28.544041	  0.688846	-74.928695	  0.639339	 46.372283	  0.878277	 -7.248445	  0.921871	  0.880458	  0.548132	17071.060849	
  3.156253	  0.479158	  1.960144	  0.813400	  0.922393	  0.059822	  0.444993	  0.777613	  0.034909	  0.872718	1296.112444	  0.483891	11271.775061	  0.630072	 30.367570	  0.880797	-74.403912	  0.860869	 42.017009	  0.237795	 -8.363488	  0.335006	  0.845506	  0.208800	19146.653543	
  3.151667	  0.494444	  1.920903	  0.568143	  0.978122	  0.546956	  0.488066	  0.265200	  0.032433	  0.810834	1263.577163	  0.070096	10810.577580	  0.762289	 24.432129	  0.256014	-75.287440	  0.297676	 48.166775	  0.857827	 -6.667656	  0.772450	  0.924090	  0.971749	20340.831135	
  3.087237	  0.709209	  1.870096	  0.250597	  0.968320	  0.791989	  0.487791	  0.271312	  0.050146	  0.746343	1278.813086	  0.747248	10374.923326	  0.188305	 38.125163	  0.302614	-75.092869	  0.482982	 51.843261	  0.317168	 -8.544969	  0.239490	  0.932559	  0.946034	14743.080103	
  2.940052	  0.800175	  1.869017	  0.243856	  0.924354	  0.108844	  0.425275	  0.339441	  0.013293	  0.332333	1305.315161	  0.074882	10919.290199	  0.905521	 24.815347	  0.296352	-73.538968	  0.037112	 40.602825	  0.029827	 -8.287371	  0.375068	  0.875546	  0.500450	22635.837140	
  3.000414	  0.998620	  2.102038	  0.299760	  0.985743	  0.356431	  0.417689	  0.170877	  0.019179	  0.479483	1287.154048	  0.882042	10456.144785	  0.295316	 31.387759	  0.988185	-73.776760	  0.263581	 42.799311	  0.352840	 -6.829108	  0.857425	  0.908916	  0.824424	16269.789885	
  2.961506	  0.871688	  2.035396	  0.716275	  0.966617	  0.834570	  0.428790	  0.417562	  0.004171	  0.104278	1274.227786	  0.543457	10367.212040	  0.178145	 33.887947	  0.748637	-74.275712	  0.738773	 47.358622	  0.976673	 -6.575558	  0.723978	  0.946625	  0.809466	18302.565690	
  2.853098	  0.510327	  1.951465	  0.759159	  0.999659	  0.008531	  0.420586	  0.235236	  0.058585	  0.535387	1286.352661	  0.917660	10505.532072	  0.360385	 31.350209	  0.984233	-74.322775	  0.783596	 47.283681	  0.987694	 -8.536650	  0.243868	  1.009435	  0.199658	17995.892421	
  2.791796	  0.305986	  2.029272	  0.754553	  0.999875	  0.003121	  0.442065	  0.712564	  0.044525	  0.886870	1280.153182	  0.806808	10293.684348	  0.081271	 30.751448	  0.921205	-73.854763	  0.337870	 47.841945	  0.905596	 -7.243653	  0.924393	  0.951085	  0.766165	20673.788212	
  2.791620	  0.305399	  2.124285	  0.160720	  0.993455	  0.163629	  0.440237	  0.671932	  0.053651	  0.658722	1290.335508	  0.740644	11057.636254	  0.912205	 32.364971	  0.908950	-74.443091	  0.898182	 49.432552	  0.671684	 -6.792238	  0.838020	  0.874324	  0.488581	17822.166429	
  2.778186	  0.260621	  1.866564	  0.228522	  0.987045	  0.323863	  0.422748	  0.283278	  0.062893	  0.427679	1292.279489	  0.654245	11235.964043	  0.677254	 32.122438	  0.934480	-73.936734	  0.415937	 52.252649	  0.256963	 -5.559166	  0.189035	  0.997080	  0.319616	19423.805178	
  2.948457	  0.828190	  2.114763	  0.220229	  0.973850	  0.653755	  0.449525	  0.878338	  0.049094	  0.772659	1271.586726	  0.426077	11373.561226	  0.495967	 29.933256	  0.835080	-73.829892	  0.314182	 42.615992	  0.325881	 -7.358612	  0.863888	  0.956642	  0.712211	18430.287124	
  3.083727	  0.720911	  1.939146	  0.682165	  0.929387	  0.234673	  0.415216	  0.115914	  0.031399	  0.784983	1269.156394	  0.318062	10974.130227	  0.977774	 26.521992	  0.475999	-73.595908	  0.091341	 41.615030	  0.178681	 -5.664667	  0.244562	  1.028474	  0.014819	20923.436783	
  3.294308	  0.018975	  2.012619	  0.858629	  0.956893	  0.922315	  0.491790	  0.182455	  0.021292	  0.532312	1293.074746	  0.618900	11358.483911	  0.515831	 32.149187	  0.931665	-74.008307	  0.484102	 47.287377	  0.987150	 -7.365835	  0.860087	  0.922666	  0.957924	19040.240143	
  3.150893	  0.497025	  2.099041	  0.318495	  0.982138	  0.446562	  0.439183	  0.648518	  0.072150	  0.196258	1288.411248	  0.826167	11712.832560	  0.048969	 37.585229	  0.359450	-74.917860	  0.649657	 47.675090	  0.930134	 -6.592371	  0.732827	  0.964892	  0.632112	16885.229128	
  3.249191	  0.169365	  1.986944	  0.980903	  0.921921	  0.048034	  0.462591	  0.831308	  0.028186	  0.704651	1268.749179	  0.299964	11354.414234	  0.521193	 24.122230	  0.223393	-74.703140	  0.854152	 44.070798	  0.539823	 -5.471435	  0.142861	  0.840077	  0.156088	20994.604453	
  2.846744	  0.489147	  2.112857	  0.232145	  0.998092	  0.047698	  0.457526	  0.943866	  0.073283	  0.167933	1275.356969	  0.593643	11010.410958	  0.974426	 27.925533	  0.623740	-74.131062	  0.601012	 49.226580	  0.701974	 -7.033738	  0.965125	  0.881517	  0.558413	16711.753785	
  2.880291	  0.600971	  1.936179	  0.663618	  0.988725	  0.281879	  0.444619	  0.769322	  0.001307	  0.032674	1277.548880	  0.691061	11104.290250	  0.850737	 37.149929	  0.405271	-73.928295	  0.407900	 51.287452	  0.398904	 -8.979840	  0.010610	  0.841457	  0.169483	18865.628137	
  3.068861	  0.770463	  1.871965	  0.262284	  0.966099	  0.847537	  0.440639	  0.680856	  0.070756	  0.231108	1285.913500	  0.937178	10748.735447	  0.680811	 28.474938	  0.681572	-74.533359	  0.984152	 46.899549	  0.955816	 -5.275494	  0.039734	  0.970797	  0.574791	17443.067412	
  3.281861	  0.060463	  2.130653	  0.120921	  0.989763	  0.255919	  0.489674	  0.229473	  0.022641	  0.566024	1281.709981	  0.875999	10547.897283	  0.416202	 30.895422	  0.936360	-75.591564	  0.008034	 43.278024	  0.423239	 -8.638837	  0.190086	  0.896567	  0.704537	15650.147982	
  2.988647	  0.962156	  1.903614	  0.460090	  0.990646	  0.233852	  0.465665	  0.762990	  0.041566	  0.960849	1301.442845	  0.246985	10506.063200	  0.361085	 31.411437	  0.990678	-73.719033	  0.208603	 52.631192	  0.201295	 -8.954520	  0.023937	  0.928664	  0.983842	18271.241000	
  2.945689	  0.818962	  1.934882	  0.655512	  0.921237	  0.030931	  0.469400	  0.680009	  0.009915	  0.247880	1280.698773	  0.831057	11608.099438	  0.186957	 30.890072	  0.935797	-75.226463	  0.355749	 50.345286	  0.537458	 -6.234513	  0.544481	  1.002142	  0.270461	15769.012928	
  2.978975	  0.929917	  1.858774	  0.179840	  0.945863	  0.646586	  0.418962	  0.199157	  0.053835	  0.654119	1293.492780	  0.600321	10744.025620	  0.674606	 29.520596	  0.791642	-73.936442	  0.415659	 49.901248	  0.602758	 -8.768620	  0.121779	  0.917011	  0.903021	20230.364429	
  2.743597	  0.145322	  1.896911	  0.418191	  0.958460	  0.961498	  0.487730	  0.272668	  0.021670	  0.541758	1265.626202	  0.161165	11277.216069	  0.622904	 22.652815	  0.068717	-74.082244	  0.554518	 53.162661	  0.123138	 -7.958954	  0.547919	  0.841102	  0.166043	23019.396089	
  3.267883	  0.107056	  1.959271	  0.807942	  0.951084	  0.777096	  0.499977	  0.000510	  0.057484	  0.562911	1264.642709	  0.117454	11593.240268	  0.206535	 28.862316	  0.722349	-74.762089	  0.798010	 48.507255	  0.807757	 -6.706514	  0.792902	  0.927775	  0.992471	21819.145867	
  2.908879	  0.696262	  1.975156	  0.907226	  0.981695	  0.457621	  0.431754	  0.483424	  0.002198	  0.054948	1279.942181	  0.797430	11416.720771	  0.439103	 30.772920	  0.923465	-73.576979	  0.073313	 53.679928	  0.047069	 -7.010973	  0.953144	  0.954493	  0.733077	16645.849890	
  3.210517	  0.298276	  2.080340	  0.435372	  0.950149	  0.753719	  0.441433	  0.698508	  0.052714	  0.682146	1303.523996	  0.154489	11244.802955	  0.665609	 26.580554	  0.482164	-74.740103	  0.818950	 45.066490	  0.686249	 -8.372168	  0.330438	  0.945908	  0.816426	20696.001881	
  3.209014	  0.303286	  1.888821	  0.367632	  0.944825	  0.620613	  0.449010	  0.866885	  0.003335	  0.083368	1292.778816	  0.632053	11592.579411	  0.207405	 29.161533	  0.753846	-74.630182	  0.923636	 50.058002	  0.579706	 -8.069193	  0.489899	  0.921939	  0.950861	18285.159000	
  2.808944	  0.363147	  2.103573	  0.290169	  0.982017	  0.449582	  0.424901	  0.331134	  0.001072	  0.026807	1302.262579	  0.210552	11044.322784	  0.929746	 39.778425	  0.128587	-73.649786	  0.142653	 47.518215	  0.953204	 -8.096718	  0.475412	  0.917209	  0.904943	20636.297215	
  2.972751	  0.909169	  1.902580	  0.453627	  0.961589	  0.960276	  0.490926	  0.201640	  0.024256	  0.606400	1290.633824	  0.727386	10821.150179	  0.776219	 40.734851	  0.027910	-74.275412	  0.738488	 44.472187	  0.598851	 -5.472342	  0.143338	  0.906321	  0.799235	18009.207437	
  2.930611	  0.768703	  1.922400	  0.577502	  0.960626	  0.984341	  0.459169	  0.907361	  0.046299	  0.842523	1297.490039	  0.422665	10610.339789	  0.498471	 26.330874	  0.455881	-74.180175	  0.647786	 49.951817	  0.595321	 -5.912363	  0.374928	  0.825813	  0.017603	21531.152678	
  2.934376	  0.781255	  2.039724	  0.689225	  0.964146	  0.896360	  0.443401	  0.742235	  0.000682	  0.017061	1285.264827	  0.966008	11236.553884	  0.676477	 25.636649	  0.382805	-75.384205	  0.205519	 51.612280	  0.351135	 -8.661468	  0.178175	  1.024720	  0.051265	17625.944048	
  2.896031	  0.653438	  1.851691	  0.135570	  0.938369	  0.459222	  0.414751	  0.105576	  0.003038	  0.075962	1276.438236	  0.641699	10643.557461	  0.542236	 23.477600	  0.155537	-74.614631	  0.938446	 51.956865	  0.300461	 -8.327050	  0.354184	  0.975077	  0.533231	19448.400103	
  2.927167	  0.757225	  1.993486	  0.978214	  0.995959	  0.101033	  0.473166	  0.596313	  0.018736	  0.468407	1268.125528	  0.272246	10471.451270	  0.315483	 32.222899	  0.923905	-74.147146	  0.616329	 41.309749	  0.133787	 -6.133915	  0.491534	  1.002175	  0.270145	19630.689760	
  3.062044	  0.793185	  2.074420	  0.472376	  0.989127	  0.271832	  0.464223	  0.795047	  0.015186	  0.379648	1280.610228	  0.827121	10573.846308	  0.450390	 33.404991	  0.799475	-75.196684	  0.384110	 44.545324	  0.609607	 -8.302448	  0.367133	  1.012541	  0.169506	17567.818321	
  2.944186	  0.813953	  1.909858	  0.499111	  0.974641	  0.633982	  0.487856	  0.269856	  0.049121	  0.771971	1285.803460	  0.942068	11227.188224	  0.688817	 27.813733	  0.611972	-74.703477	  0.853832	 47.987182	  0.884238	 -7.377085	  0.854166	  0.922507	  0.956375	18934.660054	
  3.030328	  0.898906	  2.019537	  0.815392	  0.972625	  0.684385	  0.455688	  0.984700	  0.051294	  0.717651	1294.408996	  0.559600	10564.457910	  0.438021	 39.347863	  0.173909	-75.227556	  0.354709	 45.253065	  0.713686	 -6.287501	  0.572369	  0.953993	  0.737930	17644.228472	
  3.212128	  0.292908	  1.845799	  0.098745	  0.937287	  0.432178	  0.483278	  0.371601	  0.068948	  0.276292	1281.211971	  0.853865	10600.545971	  0.485568	 37.685323	  0.348913	-74.969417	  0.600555	 48.133267	  0.862755	 -7.903484	  0.577114	  0.914736	  0.880930	17052.873211	
  2.785199	  0.283997	  1.911785	  0.511153	  0.974254	  0.643646	  0.419566	  0.212578	  0.024068	  0.601705	1305.046480	  0.086823	10326.309683	  0.124255	 24.412861	  0.253985	-74.645247	  0.909289	 47.671529	  0.930658	 -8.155454	  0.444498	  1.027568	  0.023616	19672.811093	
  2.741861	  0.139537	  1.837827	  0.048918	  0.941699	  0.542481	  0.494456	  0.123191	  0.050501	  0.737465	1283.005181	  0.933564	10417.424721	  0.244301	 26.032365	  0.424459	-75.304548	  0.281383	 45.422296	  0.738573	 -6.401460	  0.632347	  0.842127	  0.175994	18270.199458	
  2.708647	  0.028823	  2.138018	  0.074891	  0.973141	  0.671478	  0.423500	  0.300008	  0.073918	  0.152047	1286.484389	  0.911805	11684.084113	  0.086846	 35.803222	  0.547029	-75.130709	  0.446943	 43.541410	  0.461972	 -6.975140	  0.934284	  0.939242	  0.881150	16074.927356	
  2.815183	  0.383942	  1.979806	  0.936290	  0.997113	  0.072179	  0.474240	  0.572450	  0.034691	  0.867277	1293.660311	  0.592875	11195.450358	  0.730632	 26.547350	  0.478668	-75.075153	  0.499854	 51.480932	  0.370451	 -8.605461	  0.207652	  0.994496	  0.344698	20026.166574	
  3.289766	  0.034115	  1.854680	  0.154247	  0.929739	  0.243487	  0.462984	  0.822570	  0.014183	  0.354583	1300.431630	  0.291928	11237.097142	  0.675761	 30.402038	  0.884425	-73.615695	  0.110185	 44.724529	  0.635960	 -7.823740	  0.619084	  0.957346	  0.705374	21855.609471	
  2.925631	  0.752103	  2.001152	  0.930302	  0.947174	  0.679361	  0.437396	  0.608810	  0.038069	  0.951733	1284.602720	  0.995435	10900.200949	  0.880370	 39.228106	  0.186515	-75.316507	  0.269994	 46.289295	  0.866073	 -6.881967	  0.885246	  0.859794	  0.347511	18669.948721	
  3.149244	  0.502521	  2.091531	  0.365431	  0.965412	  0.864702	  0.445662	  0.792489	  0.006173	  0.154332	1296.043418	  0.486959	10916.202828	  0.901453	 30.679233	  0.913604	-75.101277	  0.474975	 47.620260	  0.938197	 -5.922581	  0.380306	  0.849695	  0.249470	16628.090027	
  3.083583	  0.721390	  2.025621	  0.777370	  0.968279	  0.793032	  0.442588	  0.724174	  0.044272	  0.893196	1266.707755	  0.209234	10461.334419	  0.302153	 34.327396	  0.702379	-75.196785	  0.384015	 41.488775	  0.160114	 -5.604779	  0.213041	  1.016809	  0.128066	18032.390574	
  2.902553	  0.675178	  2.077058	  0.455887	  0.962521	  0.936980	  0.454920	  0.998224	  0.030187	  0.754667	1297.220629	  0.434639	10432.947020	  0.264752	 31.773392	  0.971222	-74.528164	  0.979203	 47.342516	  0.979042	 -8.578229	  0.221985	  0.967694	  0.604917	17115.238945	
  2.923790	  0.745967	  2.003911	  0.913054	  0.997048	  0.073792	  0.439381	  0.652920	  0.032401	  0.810019	1284.904091	  0.982040	11338.114744	  0.542668	 40.712190	  0.030296	-75.452475	  0.140500	 50.610548	  0.498449	 -8.541709	  0.241206	  0.902359	  0.760765	17273.687158	
  3.010157	  0.966145	  2.067799	  0.513754	  0.932938	  0.323451	  0.458336	  0.925866	  0.070772	  0.230697	1262.345281	  0.015346	10737.437483	  0.665926	 29.735401	  0.814253	-75.533877	  0.062974	 42.054764	  0.243348	 -7.878625	  0.590198	  0.914316	  0.876854	16060.075886	
  3.064813	  0.783956	  2.142613	  0.046169	  0.993308	  0.167294	  0.438703	  0.637848	  0.045374	  0.865641	1266.405027	  0.195779	11198.035350	  0.727226	 28.404468	  0.674155	-74.898703	  0.667902	 51.671570	  0.342416	 -7.490418	  0.794517	  0.984240	  0.444270	16845.687839	
  2.721009	  0.070030	  1.971078	  0.881740	  0.922527	  0.063176	  0.468613	  0.697491	  0.060713	  0.482186	1302.417143	  0.203683	10567.951664	  0.442624	 40.300801	  0.073600	-74.831238	  0.732155	 49.740032	  0.626466	 -6.853415	  0.870218	  0.880215	  0.545780	20363.974631	
  3.287952	  0.040160	  2.078170	  0.448935	  0.920836	  0.020888	  0.423920	  0.309330	  0.018051	  0.451268	1278.311705	  0.724965	11041.082058	  0.934016	 30.748533	  0.920898	-75.131321	  0.446361	 42.823433	  0.356387	 -6.209538	  0.531336	  0.835256	  0.109285	16089.852671	
  2.907839	  0.692796	  2.121872	  0.175798	  0.933830	  0.345756	  0.414249	  0.094414	  0.016187	  0.404667	1291.722672	  0.678992	11083.338502	  0.878342	 29.083476	  0.745629	-74.990424	  0.580549	 45.864827	  0.803651	 -6.205136	  0.529019	  0.899930	  0.737189	16832.741395	
  2.725043	  0.083477	  2.118039	  0.199758	  0.969908	  0.752295	  0.495252	  0.105519	  0.041171	  0.970714	1277.640500	  0.695133	11019.258049	  0.962769	 40.843372	  0.016487	-74.408356	  0.865101	 51.278058	  0.400286	 -5.487048	  0.151078	  1.023089	  0.067098	21080.586514	
  2.813744	  0.379147	  1.993503	  0.978109	  0.939795	  0.494867	  0.455455	  0.989894	  0.031346	  0.783662	1262.574822	  0.025548	10634.533734	  0.530347	 26.853791	  0.510925	-75.424087	  0.167536	 42.857925	  0.361460	 -6.598216	  0.735903	  1.011896	  0.175763	17517.545064	
  2.829211	  0.430704	  1.921069	  0.569178	  0.947859	  0.696473	  0.448908	  0.864612	  0.031119	  0.777973	1302.446149	  0.202393	11524.980732	  0.296468	 26.099589	  0.431536	-74.264646	  0.728234	 43.395617	  0.440532	 -5.276922	  0.040485	  0.945398	  0.821382	23457.908255	
  2.711008	  0.036692	  1.984735	  0.967095	  0.944694	  0.617359	  0.460098	  0.886708	  0.078619	  0.034514	1306.537645	  0.020549	11184.806636	  0.744655	 33.981955	  0.738742	-74.482274	  0.935499	 48.916093	  0.747633	 -7.094272	  0.996985	  0.869078	  0.437649	20258.337185	
  3.032722	  0.890926	  1.920389	  0.564932	  0.973453	  0.663679	  0.497156	  0.063210	  0.056561	  0.585984	1263.545252	  0.068678	11020.599749	  0.961002	 28.214445	  0.654152	-75.041332	  0.532065	 41.239174	  0.123408	 -8.594986	  0.213165	  0.885739	  0.599406	18865.509144	
  3.039281	  0.869062	  1.886765	  0.354780	  0.928586	  0.214656	  0.484124	  0.352802	  0.041183	  0.970436	1295.428053	  0.514309	10382.424189	  0.198187	 39.531409	  0.154589	-73.681789	  0.173132	 45.317385	  0.723145	 -6.207023	  0.530012	  0.927406	  0.996060	20457.539766	
  2.965474	  0.884913	  2.129789	  0.126320	  0.966433	  0.839171	  0.414030	  0.089557	  0.037232	  0.930796	1270.219001	  0.365289	11725.286356	  0.032561	 28.868011	  0.722948	-74.031069	  0.505780	 43.191207	  0.410472	 -6.349488	  0.604994	  0.986595	  0.421412	17743.439700	
  2.719481	  0.064938	  2.034970	  0.718938	  0.999404	  0.014896	  0.476372	  0.525076	  0.054857	  0.628577	1305.465733	  0.068190	11282.002417	  0.616598	 37.491099	  0.369358	-73.829790	  0.314085	 43.347846	  0.433507	 -6.708692	  0.794048	  0.831892	  0.076617	19399.361475	
  2.945376	  0.817918	  1.966595	  0.853721	  0.947352	  0.683801	  0.487792	  0.271289	  0.061845	  0.453865	1270.431555	  0.374736	10862.682502	  0.830939	 36.864692	  0.435296	-74.901323	  0.665407	 40.789876	  0.057335	 -6.581474	  0.727091	  0.961758	  0.662541	17566.039192	
  3.152689	  0.491038	  2.077605	  0.452470	  0.925856	  0.146390	  0.468903	  0.691035	  0.027276	  0.681910	1284.174553	  0.985536	10670.216579	  0.577360	 30.015238	  0.843709	-74.090262	  0.562154	 49.854971	  0.609563	 -6.944953	  0.918396	  0.882882	  0.571666	17509.436897	
  2.936050	  0.786835	  1.999186	  0.942590	  0.994436	  0.139105	  0.453345	  0.963221	  0.000835	  0.020874	1289.366629	  0.783705	10373.507763	  0.186440	 37.979772	  0.317919	-74.829189	  0.734105	 53.895890	  0.015310	 -7.566041	  0.754715	  0.891754	  0.657810	13288.258104	
  2.712262	  0.040875	  1.891061	  0.381630	  0.992325	  0.191882	  0.492951	  0.156655	  0.017064	  0.426612	1267.158260	  0.229256	11214.920046	  0.704980	 38.638724	  0.248555	-74.138004	  0.607623	 43.393108	  0.440163	 -7.591239	  0.741453	  0.930989	  0.961277	19490.452630	
  2.727329	  0.091095	  2.036128	  0.711699	  0.958053	  0.951321	  0.427837	  0.396384	  0.019580	  0.489496	1270.694891	  0.386440	11593.362073	  0.206374	 26.973417	  0.523518	-74.655242	  0.899770	 46.438256	  0.887979	 -8.386182	  0.323062	  0.986314	  0.424131	21876.804874	
  2.896180	  0.653935	  1.913412	  0.521324	  0.926788	  0.169688	  0.449050	  0.867779	  0.033632	  0.840802	1290.903305	  0.715409	10535.212337	  0.399489	 37.112062	  0.409257	-74.706499	  0.850953	 45.648217	  0.771797	 -5.839558	  0.336609	  0.945904	  0.816470	20316.090094	
  2.924200	  0.747335	  2.050674	  0.620787	  0.969023	  0.774421	  0.491610	  0.186448	  0.023249	  0.581233	1286.671937	  0.903469	10917.914451	  0.903708	 39.960009	  0.109473	-74.325336	  0.786034	 48.520177	  0.805856	 -7.232317	  0.930359	  0.995224	  0.337633	18783.799050	
  2.728057	  0.093523	  1.899987	  0.437419	  0.927271	  0.181779	  0.476562	  0.520835	  0.063353	  0.416171	1288.280207	  0.831991	11000.398603	  0.987617	 32.164386	  0.930065	-74.137447	  0.607093	 42.797758	  0.352611	 -6.991142	  0.942707	  0.958793	  0.691328	18930.302716	
  3.263150	  0.122833	  1.849091	  0.119322	  0.952421	  0.810532	  0.431309	  0.473540	  0.053601	  0.659967	1268.502411	  0.288996	11294.847892	  0.599673	 31.975229	  0.949976	-75.170586	  0.408966	 51.034916	  0.436042	 -5.726013	  0.276849	  0.863942	  0.387789	18575.298109	
  3.257792	  0.140692	  1.849375	  0.121096	  0.957811	  0.945287	  0.455863	  0.980816	  0.016478	  0.411946	1273.668623	  0.518605	10234.999899	  0.003952	 30.765276	  0.922661	-75.426170	  0.165552	 42.173463	  0.260803	 -5.319651	  0.062974	  0.861001	  0.359235	15112.697030	
  3.296985	  0.010050	  2.116568	  0.208947	  0.980744	  0.481404	  0.465897	  0.757855	  0.050201	  0.744979	1293.112477	  0.617223	11445.248276	  0.401517	 27.394795	  0.567873	-74.419630	  0.875838	 53.190558	  0.119036	 -7.556894	  0.759530	  0.830246	  0.060637	17930.272498	
  2.862259	  0.540864	  1.999392	  0.941301	  0.936698	  0.417458	  0.495114	  0.108572	  0.067727	  0.306819	1286.204342	  0.924251	11401.396751	  0.459293	 34.313366	  0.703856	-74.781045	  0.779957	 46.320636	  0.870682	 -6.595303	  0.734370	  0.937481	  0.898238	17760.945493	
  3.126497	  0.578344	  1.863953	  0.212207	  0.933141	  0.328513	  0.441494	  0.699871	  0.030913	  0.772821	1276.123177	  0.627697	10574.613256	  0.451401	 22.585189	  0.061599	-75.080465	  0.494795	 47.837548	  0.906243	 -7.375992	  0.854741	  0.949939	  0.777288	20387.239235	
  2.814720	  0.382400	  2.115355	  0.216532	  0.944938	  0.623444	  0.478208	  0.484271	  0.062087	  0.447837	1303.872785	  0.138987	11387.396101	  0.477739	 28.321104	  0.665379	-75.261593	  0.322292	 43.140694	  0.403043	 -8.614641	  0.202821	  0.857099	  0.321349	20164.724433	
  3.057219	  0.809269	  2.035157	  0.717770	  0.935020	  0.375512	  0.451971	  0.932697	  0.024731	  0.618285	1298.569638	  0.374683	10790.146159	  0.735370	 24.418258	  0.254553	-74.326221	  0.786877	 46.346589	  0.874498	 -8.001126	  0.525723	  0.872886	  0.474620	21422.118752	
  3.004860	  0.983799	  1.865444	  0.221525	  0.942262	  0.556556	  0.466713	  0.739708	  0.047011	  0.824713	1306.418950	  0.025824	11252.180757	  0.655888	 35.049419	  0.626377	-73.530178	  0.028741	 50.238884	  0.553105	 -6.029412	  0.436532	  0.873017	  0.475896	22290.326222	
  3.010981	  0.963397	  2.133648	  0.102199	  0.953532	  0.838309	  0.417157	  0.159055	  0.028650	  0.716249	1292.996786	  0.622365	10858.548764	  0.825492	 39.553812	  0.152230	-74.752268	  0.807364	 44.949161	  0.668994	 -8.334714	  0.350151	  0.900259	  0.740383	18159.783101	
  2.736421	  0.121403	  1.872378	  0.264861	  0.963570	  0.910746	  0.444209	  0.760204	  0.018367	  0.459180	1268.190932	  0.275153	10439.670852	  0.273611	 30.530298	  0.897926	-74.991293	  0.579721	 51.282719	  0.399600	 -6.286345	  0.571760	  0.912900	  0.863106	16174.727025	
  3.129047	  0.569843	  2.025165	  0.780221	  0.975976	  0.600608	  0.419692	  0.215380	  0.051397	  0.715082	1286.040953	  0.931513	11150.807647	  0.789450	 35.718478	  0.555950	-74.446964	  0.901871	 44.204407	  0.559472	 -8.246734	  0.396456	  0.977212	  0.512505	18693.483929	
  2.720424	  0.068080	  1.867379	  0.233620	  0.954907	  0.872684	  0.468908	  0.690936	  0.065776	  0.355593	1298.445873	  0.380183	10551.978148	  0.421579	 29.508259	  0.790343	-74.870306	  0.694946	 41.316890	  0.134837	 -6.313874	  0.586249	  1.007808	  0.215456	17925.930974	
  3.061372	  0.795426	  2.098735	  0.320407	  0.925288	  0.132211	  0.477433	  0.501484	  0.074482	  0.137956	1295.684194	  0.502925	10664.168014	  0.569391	 30.201879	  0.863356	-75.037528	  0.535687	 43.787806	  0.498207	 -7.773844	  0.645345	  0.952569	  0.751760	16010.734694	
  3.031762	  0.894128	  1.922025	  0.575157	  0.965531	  0.861721	  0.459858	  0.892038	  0.076955	  0.076121	1305.178125	  0.080972	11511.340013	  0.314440	 28.261396	  0.659094	-73.794290	  0.280276	 49.481302	  0.664514	 -5.912338	  0.374915	  0.843461	  0.188939	21760.410623	
  2.941060	  0.803533	  1.866561	  0.228504	  0.982548	  0.436294	  0.427187	  0.381935	  0.020628	  0.515698	1286.488059	  0.911642	10312.393036	  0.105920	 29.326069	  0.771165	-74.741738	  0.817392	 50.390294	  0.530839	 -5.392366	  0.101245	  0.953570	  0.742042	16911.547127	
  2.855732	  0.519108	  2.075537	  0.465394	  0.974777	  0.630570	  0.471004	  0.644348	  0.023103	  0.577584	1267.595595	  0.248693	10298.520408	  0.087642	 31.672721	  0.981819	-74.153973	  0.622831	 46.844348	  0.947698	 -5.511397	  0.163893	  0.878624	  0.530325	18440.898027	
  3.295254	  0.015821	  1.986473	  0.977956	  0.983267	  0.418336	  0.443820	  0.751558	  0.048333	  0.791673	1297.274012	  0.432266	10973.954066	  0.977542	 29.000845	  0.736931	-74.392534	  0.850032	 50.041296	  0.582162	 -6.937009	  0.914215	  0.845724	  0.210916	17845.897063	
  3.080721	  0.730931	  1.853357	  0.145984	  0.987184	  0.320406	  0.484060	  0.354227	  0.054799	  0.630018	1277.102978	  0.671243	10875.620854	  0.847985	 32.903687	  0.852243	-74.143937	  0.613273	 53.242965	  0.111329	 -5.651959	  0.237873	  0.879220	  0.536113	18269.459516	
  2.748743	  0.162475	  2.034522	  0.721738	  0.933062	  0.326557	  0.471554	  0.632135	  0.045674	  0.858150	1265.005574	  0.133581	10872.983239	  0.844510	 27.798797	  0.610400	-74.503286	  0.955511	 53.018821	  0.144291	 -5.403297	  0.106999	  0.992462	  0.364442	20209.448856	
  2.957513	  0.858375	  2.053634	  0.602285	  0.948346	  0.708645	  0.474390	  0.569104	  0.028581	  0.714520	1301.568537	  0.241398	10915.534060	  0.900572	 33.519256	  0.787447	-73.736951	  0.225667	 53.257413	  0.109204	 -7.328468	  0.879754	  1.017302	  0.123277	19856.884875	
  3.143239	  0.522537	  1.984191	  0.963695	  0.920289	  0.007236	  0.455058	  0.998707	  0.064912	  0.377195	1278.335699	  0.726031	10475.787975	  0.321196	 36.983509	  0.422789	-74.847529	  0.716639	 51.517154	  0.365124	 -5.648274	  0.235934	  1.024396	  0.054410	18708.221056	
  2.919661	  0.732205	  2.070442	  0.497239	  0.923045	  0.076122	  0.490847	  0.203397	  0.055039	  0.624017	1285.843838	  0.940274	11575.479424	  0.229935	 25.034172	  0.319387	-73.724939	  0.214227	 49.484137	  0.664098	 -7.105620	  0.997042	  0.855121	  0.302142	18515.675435	
  2.930418	  0.768058	  2.108044	  0.262224	  0.983507	  0.412324	  0.442333	  0.718520	  0.070648	  0.233804	1295.481007	  0.511955	10559.403653	  0.431362	 33.619529	  0.776892	-75.223537	  0.358536	 45.002020	  0.676768	 -8.667441	  0.175031	  0.883930	  0.581842	15747.293812	
  3.052627	  0.824577	  2.118629	  0.196072	  0.950315	  0.757867	  0.419994	  0.222080	  0.007188	  0.179700	1272.335894	  0.459373	10837.582762	  0.797869	 26.082715	  0.429760	-73.942781	  0.421696	 41.195716	  0.117017	 -6.652369	  0.764405	  1.016902	  0.127165	17096.219474	
  3.119826	  0.600581	  2.142329	  0.047946	  0.971510	  0.712253	  0.440839	  0.685303	  0.072822	  0.179444	1279.717537	  0.787446	11291.359035	  0.604270	 29.885405	  0.830043	-74.919748	  0.647859	 43.431583	  0.445821	 -7.110049	  0.994711	  0.826093	  0.020323	16331.735770	
  3.268015	  0.106618	  2.095432	  0.341049	  0.953156	  0.828891	  0.486462	  0.300853	  0.023198	  0.579943	1296.698821	  0.457830	11674.074633	  0.100033	 27.806483	  0.611209	-74.173271	  0.641210	 52.553971	  0.212651	 -5.418709	  0.115110	  0.993253	  0.356771	21793.077588	
  2.716764	  0.055880	  2.111271	  0.242055	  0.976812	  0.579708	  0.444509	  0.766863	  0.002108	  0.052703	1291.778862	  0.676495	11055.012269	  0.915662	 40.826577	  0.018255	-73.981546	  0.458616	 43.466197	  0.450911	 -5.998917	  0.420483	  1.011264	  0.181900	18614.092216	
  3.299763	  0.000790	  1.910539	  0.503372	  0.975687	  0.607816	  0.493307	  0.148734	  0.053301	  0.667469	1306.035516	  0.042866	11133.426256	  0.812350	 29.637844	  0.803984	-73.730522	  0.219545	 43.493847	  0.454977	 -7.356889	  0.864795	  1.026578	  0.033223	19654.434156	
  3.225202	  0.249327	  1.911038	  0.506488	  0.946275	  0.656887	  0.435225	  0.560558	  0.021658	  0.541439	1285.795077	  0.942441	10607.778642	  0.495097	 34.738176	  0.659139	-75.339210	  0.248371	 48.659010	  0.785440	 -7.623547	  0.724449	  0.850435	  0.256648	17295.828697	
  3.198968	  0.336772	  1.855780	  0.161128	  0.957450	  0.936238	  0.474790	  0.560225	  0.049097	  0.772579	1262.605579	  0.026915	11442.866337	  0.404656	 25.343034	  0.351898	-74.215728	  0.681646	 52.622188	  0.202619	 -8.450010	  0.289469	  0.961316	  0.666831	22415.288371	
  3.251995	  0.160016	  1.977363	  0.921017	  0.936553	  0.413827	  0.462518	  0.832931	  0.012297	  0.307420	1283.530570	  0.956914	10841.736325	  0.803342	 25.924686	  0.413125	-74.185215	  0.652586	 47.464330	  0.961128	 -7.832742	  0.614346	  0.858550	  0.335437	18820.081061	
  3.041277	  0.862409	  1.874633	  0.278954	  0.924143	  0.103584	  0.460642	  0.874613	  0.062459	  0.438517	1262.087502	  0.003889	10728.023493	  0.653522	 34.291486	  0.706159	-74.560635	  0.989871	 47.234782	  0.994885	 -6.905327	  0.897541	  0.906504	  0.801007	18851.214640	
  3.123978	  0.586739	  1.907534	  0.484589	  0.990004	  0.249907	  0.425074	  0.334983	  0.016780	  0.419496	1278.359694	  0.727098	10612.615305	  0.501469	 29.496949	  0.789152	-73.990701	  0.467334	 52.717989	  0.188531	 -6.652502	  0.764475	  0.844416	  0.198211	16896.775329	
  2.898048	  0.660160	  1.947826	  0.736411	  0.999992	  0.000208	  0.430997	  0.466610	  0.037635	  0.940882	1278.453257	  0.731256	11313.074173	  0.575660	 25.086293	  0.324873	-73.828499	  0.312856	 53.203873	  0.117078	 -7.974626	  0.539671	  0.984271	  0.443966	20459.793983	
  3.006467	  0.978443	  2.073204	  0.479976	  0.976110	  0.597248	  0.435779	  0.572859	  0.013181	  0.329536	1293.797313	  0.586786	10708.072351	  0.627236	 29.269433	  0.765203	-73.955019	  0.433352	 45.941895	  0.814985	 -8.410828	  0.310090	  0.906255	  0.798595	18482.787266	
  2.964815	  0.882716	  2.006472	  0.897051	  0.953251	  0.831284	  0.439830	  0.662893	  0.014585	  0.364636	1278.178185	  0.719030	11321.403742	  0.564685	 28.267432	  0.659730	-73.817924	  0.302785	 42.082452	  0.247419	 -8.685079	  0.165748	  0.876061	  0.505449	16696.694587	
  3.135164	  0.549453	  2.067400	  0.516251	  0.954065	  0.851614	  0.422253	  0.272278	  0.068814	  0.279648	1281.549281	  0.868857	11205.152398	  0.717849	 34.259017	  0.709577	-75.528042	  0.068532	 45.311083	  0.722218	 -5.870335	  0.352808	  0.963312	  0.647453	16395.339954	
  3.236831	  0.210564	  2.138007	  0.074956	  0.942761	  0.569029	  0.488680	  0.251565	  0.057125	  0.571876	1264.163246	  0.096144	11314.799345	  0.573387	 30.074770	  0.849976	-74.407145	  0.863947	 52.332721	  0.245188	 -8.075180	  0.486748	  0.895175	  0.691018	19057.943568	
