0.70280000 0.75290000
0.11090000 0.10700000
0.39040000 0.18075029
0.39040000 0.40300000
0.62550000 0.35302853
0.62550000 0.37763970
0.62550000 0.40730000
0.62550000 0.42686206
0.45220000 0.30380617
0.45220000 0.35302853
0.45220000 0.37763970
0.45220000 0.40300000
0.45220000 0.40730000
0.45220000 0.42686206
0.45220000 0.47608441
0.45220000 0.49670000
0.45220000 0.54700000
0.45220000 0.21910000
0.38130000 0.42686206
0.38130000 0.45147323
0.38130000 0.47608441
0.38130000 0.49670000
0.52110000 0.40300000
0.52110000 0.42686206
0.52110000 0.45147323
0.52110000 0.37763970
0.52110000 0.35302853
0.52110000 0.31920000
0.52110000 0.30380617
0.52110000 0.49670000
0.52110000 0.54700000
0.52110000 0.59530000
0.52110000 0.62375146
0.52110000 0.20420000
0.52110000 0.18075029
0.53400000 0.47608441
0.53400000 0.54700000
0.53400000 0.59530000
0.53400000 0.62375146
0.53400000 0.67297382
0.16530000 0.57680000
0.12030000 0.57680000
0.50670000 0.52090000
0.50670000 0.49670000
0.50670000 0.47608441
0.50670000 0.57680000
0.50670000 0.59530000
0.50670000 0.62375146
0.50670000 0.72420000
0.50670000 0.96850000
0.05360000 0.52090000
0.50140000 0.54700000
0.50140000 0.49670000
0.50140000 0.47608441
0.50140000 0.67297382
0.50140000 0.72130000
0.50140000 0.72420000
0.50140000 0.78300000
0.50140000 0.37763970
0.50140000 0.35302853
0.50140000 0.14120000
0.88990000 0.56660000
0.32990000 0.72420000
0.32990000 0.75290000
0.32990000 0.67297382
0.32990000 0.64836264
0.32990000 0.62375146
0.32990000 0.59530000
0.35860000 0.72130000
0.35860000 0.67297382
0.35860000 0.64836264
0.35860000 0.62375146
0.35860000 0.59530000
0.27700000 0.76990000
0.27700000 0.78300000
0.27700000 0.72420000
0.27700000 0.72130000
0.29830000 0.75290000
0.29830000 0.72420000
0.29830000 0.72130000
0.20350000 0.76990000
0.20350000 0.75290000
0.20350000 0.81130000
0.20350000 0.72420000
0.20350000 0.72130000
0.39340000 0.84240000
0.39340000 0.86510000
0.39340000 0.89447440
0.39340000 0.92880000
0.39340000 0.94400000
0.39340000 0.95000000
0.39340000 0.67297382
0.39340000 0.64836264
0.39340000 0.62375146
0.39340000 0.59530000
0.34660000 0.72420000
0.34660000 0.72130000
0.34660000 0.98690000
0.57430000 0.92880000
0.57430000 0.94400000
0.57430000 0.95000000
0.34210000 0.94400000
0.34210000 0.95000000
0.34210000 0.89447440
0.34210000 0.98690000
0.34210000 0.81130000
0.34210000 0.72420000
0.34210000 0.72130000
0.37510000 0.98690000
0.37510000 0.84240000
0.37510000 0.81130000
0.52330000 0.94400000
0.52330000 0.92880000
0.52330000 0.89447440
0.52330000 0.86510000
0.52330000 0.84240000
0.01480000 0.98690000
0.19920000 0.76990000
0.19920000 0.75290000
