1.36902603
2.54436654
1.66642289
1.58153520
0.61369625
0.76538352
0.98885991
1.15008020
0.75716114
0.92100062
1.08410052
1.29251288
1.33074607
1.51104210
1.96424647
2.13114149
2.42327255
1.04025764
1.82745729
2.03829515
2.24151708
2.39621030
1.06484075
1.28748641
1.52189708
0.85094621
0.68167668
0.53322753
0.50285202
1.90982875
2.19017027
2.25778782
2.20735713
0.84483481
1.01904187
1.70925572
2.14918353
2.21248922
2.15968291
1.94866083
3.35873008
3.36654935
2.11427413
1.95276230
1.78579845
2.30594388
2.30984848
2.26242064
1.75900426
1.27674755
3.08760665
2.25493210
1.96905375
1.80172806
2.08155068
1.80023965
1.78249921
1.44443188
0.90466337
0.73577523
1.42524964
2.70518788
2.55660429
2.39027673
2.80869809
2.89325073
2.94564679
2.96021189
2.45629342
2.69776999
2.78597408
2.84160508
2.85834823
2.47585051
2.39923240
2.74272936
2.75878143
2.50694355
2.67288658
2.68896299
2.64754609
2.74955301
2.41543618
2.91783184
2.93410447
1.67489583
1.61291006
1.57799420
1.60983614
1.65008991
1.67038035
2.55441471
2.64871016
2.71011247
2.73174494
2.48984670
2.50615025
2.04327070
0.91938163
0.94305528
0.95454469
1.84637701
1.86828240
1.77190642
2.06201477
2.01527549
2.50816300
2.52443558
1.92415830
1.75049928
1.87986862
1.13308968
1.10049749
1.06641232
1.08353650
1.12651460
2.31977871
2.65387493
2.75596542
