-0.67773200 -0.54266100 -0.95670000
-0.15470900 -0.54266100 -0.95670000
-0.75025400 -0.11207200 0.07132800
-0.67773200 -0.11207200 0.07132800
-0.65913600 -0.11207200 0.07132800
-0.41170300 -0.11207200 0.07132800
-0.36495900 -0.11207200 0.07132800
-0.29844700 -0.11207200 0.07132800
-0.23731000 -0.11207200 0.07132800
-0.20640100 -0.11207200 0.07132800
-0.14128800 -0.11207200 0.07132800
-0.08422700 -0.11207200 0.07132800
-0.08422700 0.50389300 0.25469300
-0.65913600 0.61840800 -0.63179900
-0.75025400 0.61840800 -0.63179900
-0.57567400 0.61840800 -0.63179900
-0.20640100 0.61840800 -0.63179900
-0.20640100 -0.75962600 -0.25927500
-0.15470900 -0.75962600 -0.25927500
-0.14128800 -0.75962600 -0.25927500
-0.08422700 -0.75962600 -0.25927500
0.06125900 -0.75962600 -0.25927500
0.24134400 -0.75962600 -0.25927500
-0.69126000 0.33197400 -0.28985300
-0.75025400 0.33197400 -0.28985300
-0.80296300 0.33197400 -0.28985300
-0.57567400 0.33197400 -0.28985300
-0.36495900 0.33197400 -0.28985300
-0.19522300 0.90178900 -0.94001600
-0.36495900 -0.16981300 0.91476800
-0.29844700 -0.16981300 0.91476800
-0.23731000 -0.16981300 0.91476800
-0.08422700 -0.16981300 0.91476800
-0.07347900 -0.16981300 0.91476800
0.30738000 -0.16981300 0.91476800
0.36312100 -0.16981300 0.91476800
0.30738000 0.53465900 0.60111700
0.36312100 0.53465900 0.60111700
-0.23731000 0.09289900 0.14205200
-0.20640100 0.09289900 0.14205200
-0.19522300 0.09289900 0.14205200
-0.14128800 0.09289900 0.14205200
-0.08422700 0.09289900 0.14205200
-0.07347900 0.09289900 0.14205200
-0.36495900 0.09289900 0.14205200
-0.41170300 0.09289900 0.14205200
0.11663800 0.09289900 0.14205200
0.30738000 0.09289900 0.14205200
0.36312100 0.09289900 0.14205200
0.48509100 0.09289900 0.14205200
0.48737700 0.09289900 0.14205200
0.51622500 0.09289900 0.14205200
-0.65913600 0.09289900 0.14205200
-0.75025400 0.09289900 0.14205200
-0.80296300 0.09289900 0.14205200
-0.19522300 0.49723800 0.45155100
-0.29844700 0.49723800 0.45155100
-0.36495900 0.49723800 0.45155100
-0.41170300 0.49723800 0.45155100
-0.75025400 0.49723800 0.45155100
-0.80296300 0.49723800 0.45155100
0.06125900 0.03311600 -0.55165700
-0.65913600 0.03311600 -0.55165700
-0.67773200 0.03311600 -0.55165700
-0.69126000 0.03311600 -0.55165700
-0.80296300 0.03311600 -0.55165700
0.51865500 0.03311600 -0.55165700
0.11663800 0.90691400 -0.22550900
0.48737700 0.90691400 -0.22550900
0.51865500 -0.67297500 -0.63876600
0.64714900 -0.67297500 -0.63876600
-0.95113200 -0.67297500 -0.63876600
-0.15470900 -0.48477300 -0.23226300
-0.20640100 -0.48477300 -0.23226300
-0.08422700 -0.48477300 -0.23226300
-0.29844700 -0.48477300 -0.23226300
0.24134400 -0.48477300 -0.23226300
0.48509100 -0.48477300 -0.23226300
-0.65913600 -0.48477300 -0.23226300
-0.67773200 -0.48477300 -0.23226300
-0.07347900 -0.16190300 0.23455800
-0.14128800 -0.16190300 0.23455800
-0.20640100 -0.16190300 0.23455800
-0.23731000 -0.16190300 0.23455800
-0.29844700 -0.16190300 0.23455800
-0.36495900 -0.16190300 0.23455800
-0.41170300 -0.16190300 0.23455800
0.06125900 -0.16190300 0.23455800
0.11663800 -0.16190300 0.23455800
0.24134400 -0.16190300 0.23455800
0.30738000 -0.16190300 0.23455800
0.36312100 -0.16190300 0.23455800
0.48509100 -0.16190300 0.23455800
0.51622500 -0.16190300 0.23455800
0.51865500 -0.16190300 0.23455800
0.74222200 -0.16190300 0.23455800
-0.65913600 -0.16190300 0.23455800
-0.67773200 -0.16190300 0.23455800
-0.75025400 -0.16190300 0.23455800
-0.80296300 -0.16190300 0.23455800
0.24134400 -0.63852400 -0.46935600
0.48509100 -0.63852400 -0.46935600
0.51865500 -0.63852400 -0.46935600
0.64714900 -0.63852400 -0.46935600
-0.67773200 -0.63852400 -0.46935600
0.36312100 0.58931600 0.44634700
0.48509100 0.58931600 0.44634700
0.48737700 0.58931600 0.44634700
0.51622500 0.58931600 0.44634700
0.91387200 0.58931600 0.44634700
0.06125900 -0.92687400 -0.15777500
-0.08422700 -0.92687400 -0.15777500
-0.14128800 -0.92687400 -0.15777500
-0.15470900 -0.92687400 -0.15777500
0.51865500 -0.92687400 -0.15777500
0.64714900 -0.92687400 -0.15777500
0.74222200 -0.92687400 -0.15777500
-0.67773200 -0.92687400 -0.15777500
0.36312100 0.34240400 0.49169500
0.48509100 0.34240400 0.49169500
0.48737700 0.34240400 0.49169500
0.51622500 0.34240400 0.49169500
-0.07347900 0.34240400 0.49169500
-0.08422700 0.34240400 0.49169500
-0.23731000 0.34240400 0.49169500
-0.29844700 0.34240400 0.49169500
-0.36495900 0.34240400 0.49169500
-0.41170300 0.34240400 0.49169500
0.30738000 0.01127300 0.60889900
0.48509100 0.01127300 0.60889900
0.48737700 0.01127300 0.60889900
0.51622500 0.01127300 0.60889900
-0.07347900 0.01127300 0.60889900
-0.23731000 0.01127300 0.60889900
-0.29844700 0.01127300 0.60889900
-0.36495900 0.01127300 0.60889900
0.36312100 0.15478800 -0.30512500
0.30738000 0.15478800 -0.30512500
0.11663800 0.15478800 -0.30512500
0.06125900 0.15478800 -0.30512500
-0.08422700 0.15478800 -0.30512500
-0.14128800 0.15478800 -0.30512500
0.36312100 0.57814700 -0.09672200
0.30738000 0.57814700 -0.09672200
0.11663800 0.57814700 -0.09672200
-0.23731000 0.57814700 -0.09672200
-0.29844700 0.57814700 -0.09672200
0.48737700 0.05009000 0.68312000
0.36312100 0.05009000 0.68312000
0.30738000 0.05009000 0.68312000
0.11663800 0.05009000 0.68312000
-0.23731000 0.05009000 0.68312000
-0.29844700 0.05009000 0.68312000
-0.41170300 0.05009000 0.68312000
0.51865500 -0.87996200 -0.82584600
0.24134400 -0.87996200 -0.82584600
0.06125900 -0.87996200 -0.82584600
0.87146200 -0.34833300 0.46845900
0.91387200 -0.34833300 0.46845900
-0.08422700 -0.34833300 0.46845900
0.87146200 0.43042500 0.62622600
0.74222200 0.43042500 0.62622600
-0.57567400 0.90178900 -0.63179900
-0.57567400 0.90178900 -0.22550900
0.64714900 -0.87996200 -0.63876600
0.64714900 -0.87996200 -0.46935600
0.64714900 -0.87996200 -0.44986000
0.64714900 -0.87996200 -0.15777500
-0.15470900 -0.67297500 -0.15777500
-0.69126000 0.61840800 -0.28985300
-0.69126000 0.61840800 -0.22550900
-0.20640100 0.03311600 -0.63179900
-0.20640100 0.03311600 -0.46935600
-0.20640100 0.03311600 -0.44986000
-0.20640100 0.03311600 -0.30512500
-0.20640100 0.03311600 -0.28985300
-0.20640100 0.03311600 -0.25927500
0.06125900 -0.63852400 -0.44986000
0.06125900 -0.63852400 -0.55165700
0.06125900 -0.63852400 -0.30512500
0.06125900 -0.63852400 -0.25927500
0.06125900 -0.63852400 -0.23226300
0.06125900 -0.63852400 -0.15777500
0.51865500 -0.36514400 -0.46935600
0.51865500 -0.36514400 -0.55165700
0.51865500 -0.36514400 -0.63876600
0.51865500 -0.36514400 -0.30512500
0.51865500 -0.36514400 -0.23338700
0.51865500 -0.36514400 -0.23226300
0.51865500 -0.36514400 -0.15777500
0.51865500 -0.36514400 -0.82584600
0.51865500 -0.36514400 0.46845900
0.48509100 0.15478800 -0.23338700
0.48509100 0.15478800 -0.23226300
0.48509100 0.15478800 -0.09672200
0.48509100 0.15478800 -0.44986000
0.48509100 0.15478800 -0.46935600
0.48509100 0.15478800 0.14205200
-0.65913600 0.33197400 -0.55165700
-0.65913600 0.33197400 -0.63179900
-0.65913600 0.33197400 -0.94001600
-0.65913600 0.33197400 0.60111700
-0.67773200 -0.75962600 -0.23226300
-0.67773200 -0.75962600 -0.15777500
-0.67773200 -0.75962600 0.07132800
-0.67773200 -0.75962600 0.23455800
-0.67773200 -0.75962600 -0.63876600
-0.67773200 -0.75962600 -0.95670000
0.87146200 0.28412200 -0.09672200
0.87146200 0.28412200 0.46845900
0.87146200 0.28412200 0.49169500
0.87146200 0.28412200 0.62622600
-0.14128800 -0.48477300 -0.25927500
-0.14128800 -0.48477300 -0.28985300
-0.14128800 -0.48477300 -0.30512500
-0.14128800 -0.48477300 -0.15777500
-0.14128800 -0.48477300 -0.44986000
-0.14128800 -0.48477300 -0.46935600
-0.14128800 -0.48477300 -0.63876600
-0.19522300 0.90691400 -0.09672200
-0.19522300 0.90691400 0.14205200
-0.19522300 0.90691400 -0.55165700
-0.19522300 0.90691400 -0.63179900
-0.19522300 0.90691400 -0.94001600
0.24134400 -0.92687400 -0.23226300
0.24134400 -0.92687400 -0.25927500
0.24134400 -0.92687400 -0.44986000
0.24134400 -0.92687400 -0.46935600
0.24134400 -0.92687400 -0.82584600
0.24134400 -0.92687400 0.23455800
0.48737700 0.57814700 -0.22550900
0.48737700 0.57814700 -0.23338700
0.48737700 0.57814700 -0.30512500
0.48737700 0.57814700 0.14205200
0.48737700 0.57814700 0.44634700
0.48737700 0.57814700 0.45155100
0.48737700 0.57814700 0.49169500
0.48737700 0.57814700 0.60889900
0.48737700 0.57814700 0.62622600
0.48737700 0.57814700 0.68312000
-0.80296300 -0.11207200 0.23455800
-0.80296300 -0.11207200 0.25469300
-0.80296300 -0.11207200 0.45155100
-0.80296300 -0.11207200 0.60111700
-0.80296300 -0.11207200 0.91476800
-0.80296300 -0.11207200 -0.28985300
-0.80296300 -0.11207200 -0.55165700
-0.29844700 0.09289900 0.23455800
-0.29844700 0.09289900 0.25469300
-0.29844700 0.09289900 0.44634700
-0.29844700 0.09289900 0.45155100
-0.29844700 0.09289900 0.49169500
-0.29844700 0.09289900 0.60111700
-0.29844700 0.09289900 -0.09672200
-0.29844700 0.09289900 -0.55165700
-0.08422700 -0.16190300 0.25469300
-0.08422700 -0.16190300 0.14205200
-0.08422700 -0.16190300 0.07132800
-0.08422700 -0.16190300 0.44634700
-0.08422700 -0.16190300 0.45155100
-0.08422700 -0.16190300 0.46845900
-0.08422700 -0.16190300 0.49169500
-0.08422700 -0.16190300 0.60111700
-0.08422700 -0.16190300 -0.15777500
-0.08422700 -0.16190300 -0.44986000
-0.08422700 -0.16190300 -0.46935600
-0.08422700 -0.16190300 -0.55165700
-0.75025400 0.50389300 0.44634700
-0.75025400 0.50389300 0.45155100
-0.75025400 0.50389300 0.60111700
-0.75025400 0.50389300 -0.28985300
-0.75025400 0.50389300 -0.63179900
0.11663800 0.58931600 0.45155100
0.11663800 0.58931600 0.49169500
0.11663800 0.58931600 0.60111700
0.11663800 0.58931600 0.60889900
0.11663800 0.58931600 0.62622600
0.11663800 0.58931600 0.68312000
0.11663800 0.58931600 0.23455800
0.11663800 0.58931600 0.14205200
0.11663800 0.58931600 0.97220800
0.11663800 0.58931600 -0.30512500
-0.23731000 0.49723800 0.44634700
-0.23731000 0.49723800 0.49169500
-0.23731000 0.49723800 0.60111700
-0.23731000 0.49723800 0.60889900
-0.23731000 0.49723800 0.68312000
-0.23731000 0.49723800 0.25469300
-0.23731000 0.49723800 0.14205200
-0.23731000 0.49723800 0.07132800
-0.23731000 0.49723800 -0.09672200
-0.23731000 0.49723800 -0.22550900
-0.23731000 0.49723800 -0.28985300
-0.23731000 0.49723800 0.91476800
0.74222200 -0.34833300 0.49169500
0.74222200 -0.34833300 0.60889900
0.74222200 -0.34833300 0.62622600
0.74222200 -0.34833300 0.68312000
0.74222200 -0.34833300 0.23455800
0.30738000 0.34240400 0.60111700
0.30738000 0.34240400 0.60889900
0.30738000 0.34240400 0.62622600
0.30738000 0.34240400 0.68312000
0.30738000 0.34240400 0.91476800
0.30738000 0.34240400 0.97220800
0.30738000 0.34240400 0.23455800
0.30738000 0.34240400 0.14205200
0.30738000 0.34240400 -0.09672200
0.30738000 0.34240400 -0.23338700
-0.36495900 0.53465900 0.60889900
-0.36495900 0.53465900 0.49169500
-0.36495900 0.53465900 0.45155100
-0.36495900 0.53465900 0.44634700
-0.36495900 0.53465900 0.25469300
-0.36495900 0.53465900 0.07132800
-0.36495900 0.53465900 0.91476800
0.36312100 0.01127300 0.91476800
0.36312100 0.01127300 0.97220800
0.91387200 0.43042500 0.60889900
0.91387200 0.43042500 0.68312000
0.91387200 0.43042500 0.49169500
0.91387200 0.43042500 0.46845900
0.91387200 0.43042500 0.44634700
0.91387200 0.43042500 -0.09672200
0.91387200 0.43042500 -0.23338700
0.51622500 0.05009000 0.62622600
0.51622500 0.05009000 0.60889900
0.51622500 0.05009000 0.49169500
0.51622500 0.05009000 0.91476800
0.51622500 0.05009000 0.97220800
0.51622500 0.05009000 0.14205200
0.51622500 0.05009000 -0.09672200
-0.41170300 -0.16981300 0.49169500
-0.41170300 -0.16981300 0.45155100
-0.41170300 -0.16981300 0.23455800
-0.41170300 -0.16981300 0.14205200
-0.41170300 -0.16981300 0.07132800
-0.07347900 0.27132300 0.91476800
-0.07347900 0.27132300 0.68312000
-0.07347900 0.27132300 0.60889900
-0.07347900 0.27132300 0.23455800
-0.07347900 0.27132300 0.14205200
0.24134400 -0.48477300 -0.15777500
0.64714900 -0.67297500 -0.82584600
0.64714900 -0.63852400 -0.82584600
0.64714900 -0.36514400 -0.82584600
-0.67773200 -0.67297500 -0.25927500
-0.67773200 -0.63852400 -0.25927500
-0.67773200 -0.54266100 -0.25927500
-0.67773200 -0.48477300 -0.25927500
-0.15470900 -0.63852400 -0.63876600
-0.15470900 -0.75962600 -0.63876600
-0.15470900 -0.54266100 -0.63876600
-0.15470900 -0.48477300 -0.63876600
-0.15470900 -0.36514400 -0.63876600
-0.15470900 -0.92687400 -0.63876600
-0.15470900 0.03311600 -0.63876600
0.06125900 -0.67297500 -0.46935600
0.06125900 -0.48477300 -0.46935600
0.06125900 -0.36514400 -0.46935600
0.06125900 -0.16190300 -0.46935600
0.06125900 0.03311600 -0.46935600
0.06125900 0.15478800 -0.46935600
0.06125900 -0.92687400 -0.46935600
-0.95113200 -0.67297500 -0.95670000
-0.95113200 -0.75962600 -0.95670000
-0.14128800 -0.36514400 -0.23226300
-0.14128800 -0.63852400 -0.23226300
-0.14128800 -0.67297500 -0.23226300
-0.14128800 -0.75962600 -0.23226300
0.51865500 -0.34833300 -0.44986000
0.51865500 -0.48477300 -0.44986000
0.51865500 -0.63852400 -0.44986000
0.51865500 -0.67297500 -0.44986000
0.51865500 -0.87996200 -0.44986000
0.51865500 -0.92687400 -0.44986000
0.74222200 -0.16190300 0.46845900
0.74222200 0.01127300 0.46845900
0.74222200 0.05009000 0.46845900
0.74222200 0.15478800 0.46845900
0.74222200 0.28412200 0.46845900
0.74222200 -0.92687400 0.46845900
-0.41170300 -0.16190300 0.91476800
-0.41170300 -0.11207200 0.91476800
-0.41170300 0.01127300 0.91476800
-0.41170300 0.05009000 0.91476800
-0.41170300 0.09289900 0.91476800
-0.41170300 0.27132300 0.91476800
-0.41170300 0.34240400 0.91476800
-0.08422700 -0.16981300 0.23455800
-0.08422700 -0.11207200 0.23455800
-0.08422700 0.01127300 0.23455800
-0.08422700 0.03311600 0.23455800
-0.08422700 0.05009000 0.23455800
-0.08422700 0.09289900 0.23455800
-0.08422700 0.15478800 0.23455800
-0.08422700 0.27132300 0.23455800
-0.08422700 0.33197400 0.23455800
-0.08422700 0.34240400 0.23455800
-0.08422700 0.49723800 0.23455800
-0.08422700 0.58931600 0.23455800
-0.08422700 -0.63852400 0.23455800
-0.08422700 -0.92687400 0.23455800
-0.80296300 0.03311600 0.07132800
-0.80296300 0.09289900 0.07132800
-0.80296300 0.33197400 0.07132800
-0.80296300 0.49723800 0.07132800
-0.80296300 -0.48477300 0.07132800
-0.80296300 -0.75962600 0.07132800
0.36312100 0.27132300 0.60889900
0.36312100 0.34240400 0.60889900
0.36312100 0.43042500 0.60889900
0.36312100 0.49723800 0.60889900
0.36312100 0.53465900 0.60889900
-0.20640100 0.09289900 -0.55165700
-0.20640100 0.15478800 -0.55165700
-0.20640100 0.33197400 -0.55165700
-0.20640100 -0.16190300 -0.55165700
-0.20640100 -0.36514400 -0.55165700
-0.20640100 -0.48477300 -0.55165700
-0.20640100 -0.63852400 -0.55165700
-0.20640100 -0.67297500 -0.55165700
-0.20640100 -0.75962600 -0.55165700
-0.20640100 0.61840800 -0.55165700
0.51622500 0.27132300 0.68312000
0.51622500 0.34240400 0.68312000
0.51622500 0.43042500 0.68312000
0.51622500 0.49723800 0.68312000
0.51622500 0.57814700 0.68312000
0.51622500 0.58931600 0.68312000
0.51622500 -0.34833300 0.68312000
-0.29844700 0.05009000 0.14205200
-0.29844700 0.03311600 0.14205200
-0.29844700 0.01127300 0.14205200
-0.29844700 0.15478800 0.14205200
-0.29844700 0.27132300 0.14205200
-0.29844700 0.33197400 0.14205200
-0.29844700 0.34240400 0.14205200
-0.29844700 -0.11207200 0.14205200
-0.29844700 -0.16190300 0.14205200
-0.29844700 0.49723800 0.14205200
-0.29844700 -0.48477300 0.14205200
-0.29844700 0.90691400 0.14205200
0.48509100 0.03311600 -0.30512500
0.48509100 0.01127300 -0.30512500
0.48509100 -0.16190300 -0.30512500
0.48509100 -0.48477300 -0.30512500
0.48509100 -0.63852400 -0.30512500
-0.07347900 0.09289900 0.97220800
-0.07347900 0.05009000 0.97220800
-0.07347900 0.01127300 0.97220800
-0.07347900 -0.16190300 0.97220800
-0.07347900 -0.16981300 0.97220800
0.87146200 0.43042500 -0.23338700
0.87146200 0.57814700 -0.23338700
0.87146200 -0.34833300 -0.23338700
0.87146200 -0.36514400 -0.23338700
-0.65913600 0.49723800 -0.28985300
-0.65913600 0.09289900 -0.28985300
-0.65913600 0.03311600 -0.28985300
-0.65913600 -0.16190300 -0.28985300
0.30738000 0.28412200 0.49169500
0.30738000 0.27132300 0.49169500
0.30738000 0.43042500 0.49169500
0.30738000 0.49723800 0.49169500
0.30738000 0.53465900 0.49169500
0.30738000 0.15478800 0.49169500
0.30738000 0.01127300 0.49169500
0.30738000 -0.16190300 0.49169500
0.30738000 -0.16981300 0.49169500
0.30738000 -0.34833300 0.49169500
0.91387200 0.34240400 0.62622600
0.91387200 0.28412200 0.62622600
0.91387200 0.57814700 0.62622600
0.91387200 0.05009000 0.62622600
0.91387200 0.01127300 0.62622600
0.91387200 -0.34833300 0.62622600
-0.23731000 0.53465900 0.45155100
-0.23731000 0.57814700 0.45155100
-0.23731000 0.58931600 0.45155100
-0.23731000 0.27132300 0.45155100
-0.23731000 0.09289900 0.45155100
-0.23731000 0.05009000 0.45155100
-0.23731000 0.01127300 0.45155100
-0.23731000 -0.11207200 0.45155100
-0.23731000 -0.16190300 0.45155100
-0.23731000 -0.16981300 0.45155100
-0.23731000 0.90691400 0.45155100
-0.75025400 0.33197400 0.25469300
-0.75025400 0.09289900 0.25469300
-0.75025400 -0.11207200 0.25469300
-0.36495900 0.50389300 0.60111700
-0.36495900 0.49723800 0.60111700
-0.36495900 0.34240400 0.60111700
-0.36495900 0.33197400 0.60111700
-0.36495900 0.27132300 0.60111700
-0.36495900 0.09289900 0.60111700
-0.36495900 0.01127300 0.60111700
-0.36495900 -0.11207200 0.60111700
-0.36495900 -0.16190300 0.60111700
-0.36495900 -0.16981300 0.60111700
0.48737700 0.58931600 -0.09672200
0.48737700 0.49723800 -0.09672200
0.48737700 0.43042500 -0.09672200
0.48737700 0.34240400 -0.09672200
0.48737700 0.05009000 -0.09672200
0.48737700 0.01127300 -0.09672200
0.48737700 0.90691400 -0.09672200
0.11663800 0.05009000 0.44634700
0.11663800 0.01127300 0.44634700
0.11663800 -0.16190300 0.44634700
-0.69126000 0.50389300 -0.63179900
-0.69126000 0.33197400 -0.63179900
-0.69126000 0.90178900 -0.63179900
