2.33860400
-0.04975719
2.34759907
2.26095766
2.22994201
1.78698241
1.73557169
1.68167243
1.64120426
1.61960353
1.56204397
1.49007061
0.02372020
0.33934487
0.42946040
0.23187814
-0.06971763
-2.17618519
-1.90022511
-1.84132428
-1.64371519
-1.39495489
-1.12429485
0.31760982
0.37126542
0.40631026
0.18711502
-0.01658923
-0.89448395
-1.01771431
-0.95802998
-0.87430369
-0.61559190
-0.59774261
-0.14504734
-0.08415917
0.10649791
0.10012762
1.07828385
1.05102913
1.04131257
0.99291798
0.93384761
0.92133907
1.22182335
1.29583781
0.61580624
0.26001676
0.18038675
0.06663684
0.06526052
0.04995603
1.81286509
1.93661603
1.95751718
0.00074292
-0.01365709
-0.01381371
-0.01028697
0.02945277
0.03107093
-0.35074220
0.20706638
0.24058697
0.26438980
0.43189466
0.11905499
0.30932065
0.06191409
-0.87338125
-0.53995884
0.17594795
-0.61585553
-0.75355499
-0.52375422
-1.15452993
-0.50402572
-0.03359315
-2.91587101
-2.92252748
1.49302031
1.57908469
1.62666792
1.64107352
1.66333487
1.69263385
1.72460826
1.19649956
1.03909507
0.68026222
0.52081510
0.41524527
0.28492697
0.27101807
0.27019569
0.26907458
2.05992671
2.08419137
2.14899668
2.15515998
-1.72120317
-0.78904502
-0.66173051
-0.27983840
-3.45887413
0.12677982
0.09836815
0.09784858
0.09146337
0.03384139
-0.80882007
-1.18391182
-1.42836957
-1.49620943
-0.15929572
-0.05132040
-0.01098042
-4.94842931
-0.06734274
-0.02616876
-0.02505052
-0.01025217
0.03693172
0.03898303
0.06033625
0.07073964
0.08744658
0.10317982
-0.19723943
-0.03159809
-0.02831572
0.01421604
0.00326147
0.00213578
-0.01077769
-0.01594682
0.03893460
0.03902788
0.00627469
-0.00833837
-0.04149308
-0.04622064
0.07172995
0.10081488
0.17220775
0.12475445
0.10122813
-0.01693447
-0.17585299
-0.21906287
-0.22313528
-0.22076527
-0.24552506
-0.26192721
-0.90612306
-1.01046333
-0.82958234
0.40566722
0.38642158
0.67860354
0.12252313
0.12662494
-0.43707601
0.30650971
-0.73283261
-0.51477643
-0.48367601
-0.04884555
-1.24593506
0.34165742
0.23928867
-0.45741451
-0.32582789
-0.29002106
0.10041084
0.15198584
0.25906831
-1.90579288
-1.90841964
-1.45732632
-1.23384433
-1.09193225
-0.68556160
0.01348647
-0.05476694
-0.11300973
0.16322750
0.22414871
0.22505079
0.28030616
-0.17125088
0.29086256
0.02224747
0.02234243
0.03470122
0.01368813
0.01367113
0.01938422
0.34292411
0.35431890
0.10502577
0.12515635
-5.60832706
-5.35892420
-3.16737654
-1.52332652
-1.56792658
1.68174619
-0.21529850
0.12364221
0.13565493
0.18903811
-0.71709123
-0.84990109
-0.91107761
-0.21429652
-1.26107872
-1.27193063
-1.03157667
0.40978815
0.20170844
-0.00407466
-0.22431882
-0.89663303
-0.78848654
-0.87751160
-1.34910742
-1.37206221
-0.93035470
0.13443599
-0.02297822
-0.02422729
-0.03367658
0.05343538
0.09323050
0.09373864
0.09760508
0.10824557
0.10966031
0.11372912
2.23596676
2.17056083
1.20074271
0.40803392
-0.45168080
0.79323500
0.49002277
1.06727451
1.03513403
0.52084942
0.50374109
0.37050187
0.01900960
0.73847339
-0.36673375
1.46837207
1.59850144
1.55042418
0.78948504
0.76647083
0.69110668
0.58665496
0.10980523
0.82209495
-0.33757643
-0.38429660
-0.51857894
0.02126050
0.02232197
0.05893349
0.31394175
0.52850569
0.13724816
0.14293510
0.16588860
0.16777464
0.17201597
0.18583525
0.14087483
0.15544276
0.20705412
0.13332157
-0.01014823
0.01831348
0.10249836
0.10874868
0.16543847
-0.05182997
-0.02149963
0.00696674
0.06668702
0.08603705
0.08516886
0.24818355
0.41258196
0.38977611
0.38353434
0.35853329
0.35928192
-0.06764114
-0.06587399
-0.06125463
-0.04011027
0.08116042
0.10280474
0.03262534
0.06592790
0.05549740
0.00490595
0.11988333
0.01276744
-0.02092609
-0.02501357
-0.10609910
-0.05368196
0.24116898
-0.06101214
-0.02780913
0.11154744
0.12316575
0.07830777
0.06982965
0.06125360
-0.20778643
-0.23206110
0.00658682
0.00160221
-0.01247876
0.11318802
0.12207128
0.08857514
0.11815429
0.60022864
0.82313924
1.71771552
1.81011818
1.73641236
0.01401041
-0.02490593
-0.00542806
0.31551860
0.35706980
-0.18745727
-0.60601499
-0.54632368
-0.03648308
-5.16937081
-4.87124310
-3.76319140
-2.97092222
-1.30616991
-1.37415778
-1.13443482
-1.00419725
-0.74176119
-1.15083620
-0.47516940
-1.97268429
-1.46523296
-0.97936998
-0.39855809
-0.25982611
-0.24516634
-1.54401978
3.18194659
2.68675027
0.02671410
-1.39361682
-1.52922114
-1.74914200
0.06495326
-0.26212637
-0.63257685
-0.69232629
-0.76503732
-0.71917719
0.35465524
0.24095465
0.21525943
0.15412686
0.10142810
0.09675618
-1.03139894
-0.99497251
-0.79366892
-0.70515200
-0.59910605
-0.14839103
-0.00144937
1.51605756
1.44460500
1.13779483
1.06843098
1.01276647
0.86834650
0.65968755
0.31925095
0.18967157
0.17128351
0.02987251
0.03949009
0.45194329
-0.08884151
2.21503653
1.96224731
0.65318684
0.07387850
-0.76859563
-2.95944138
-0.10928893
-0.05310992
0.02206633
0.07507948
0.10100351
-0.42440011
-0.40275872
-0.23426501
-0.43950440
-0.77024898
-1.15528913
-1.63151800
-1.70292333
-1.79021809
0.05465368
0.04219223
0.06007823
0.08327520
0.09846056
0.11110570
0.11224187
0.17030329
1.30956036
1.37315219
1.45014464
0.87735382
0.41811760
0.22832714
0.20025979
1.73519413
1.75593055
-0.04657595
0.51682559
0.15323843
0.14144780
0.16462843
0.28217585
-0.15570417
-0.47064421
-0.28502280
-0.36083150
-0.42440641
-0.59970727
-0.60243194
-0.23119952
-0.16727490
0.26515240
0.26548142
0.27335916
0.64625270
0.72193872
0.40204796
-0.11249022
-0.11998045
0.00663511
0.06722883
0.09863958
-0.15169147
-0.08933973
0.08492797
0.09337592
0.23962532
0.15251359
0.18026642
0.06676698
0.29813750
0.31580899
0.36746146
-0.00654579
0.00089626
0.00372589
0.15881767
0.47821851
0.55970090
0.62891942
0.78925155
0.81782701
0.82014026
0.09596625
0.54922994
1.71590024
2.16381291
0.10460489
0.10274473
0.06038525
0.05791662
0.04518471
0.02270403
0.01625053
0.00461372
-0.00166351
-0.00275894
0.00634168
-0.02793303
-0.04669962
-0.05387099
0.13878245
0.18268334
0.07579079
0.18567486
0.24085035
0.47505101
0.48064805
0.39238628
-0.32598245
