  2.990362	  2.022512	  0.972546	  0.432286	  0.033546	1287.219924	11634.646804	 36.728405	-74.414861	 48.760931	 -6.519566	  0.931408	16549.577999	
  2.914091	  1.995270	  0.971652	  0.447855	  0.045587	1285.407056	10503.573074	 34.210678	-74.515281	 45.667655	 -7.487197	  0.908052	17296.543658	
  2.994647	  2.003956	  0.947750	  0.434635	  0.046353	1273.301520	11411.934810	 30.861399	-74.579108	 46.261954	 -8.666695	  0.965733	17012.249219	
  2.775371	  1.964623	  0.985081	  0.450578	  0.036061	1271.819353	10919.166324	 28.633382	-74.837831	 47.353128	 -7.130582	  1.000688	15920.636953	
  3.029356	  1.856249	  0.957852	  0.454040	  0.054042	1276.285582	11091.536179	 23.987420	-73.682694	 47.259439	 -6.364816	  0.913594	17199.807682	
  2.957747	  2.027534	  0.957982	  0.439329	  0.029229	1281.401111	11063.556064	 33.714484	-73.934149	 46.993442	 -5.972820	  0.857887	17161.366615	
  3.136434	  1.936189	  0.956233	  0.451386	  0.063034	1287.305914	11357.195869	 32.456599	-74.187323	 49.372269	 -5.658204	  0.898086	16318.181723	
  2.937080	  2.042418	  0.954319	  0.463896	  0.007872	1281.418303	11334.730160	 29.135519	-73.961154	 47.207548	 -6.791589	  0.942515	16300.304843	
  2.896471	  1.997277	  0.956745	  0.435915	  0.036484	1285.094557	10642.165100	 28.253452	-74.588525	 50.719329	 -7.034183	  0.966346	16955.812583	
  3.109059	  1.917756	  0.980523	  0.472828	  0.060916	1280.610248	10765.370085	 27.235735	-74.287945	 51.927502	 -7.341320	  0.987253	16389.995361	
  3.041540	  2.021184	  0.986779	  0.448160	  0.033977	1289.596593	10985.817790	 32.290687	-74.798715	 48.174863	 -7.591270	  0.905746	16397.965385	
  3.037274	  2.077299	  0.952632	  0.455848	  0.039229	1276.135046	10526.504900	 23.289084	-74.694981	 48.204697	 -6.204873	  0.945521	16061.650477	
  3.009799	  1.986815	  0.980865	  0.440120	  0.046589	1277.593342	11016.838239	 33.199910	-73.873793	 48.498473	 -6.771262	  0.886765	18179.986367	
  3.105060	  1.946356	  0.980548	  0.452632	  0.040102	1292.437383	11347.748809	 33.713175	-75.296586	 48.804770	 -6.598126	  0.842543	18007.602499	
  2.776280	  1.965380	  0.944994	  0.432258	  0.025964	1284.534181	11019.931482	 35.975004	-74.933230	 49.105537	 -6.360598	  0.879297	16800.070264	
  3.233325	  1.940840	  0.987097	  0.459876	  0.029364	1280.461634	11131.659311	 32.350263	-74.741326	 50.730400	 -7.555371	  0.884238	17891.178300	
  3.071760	  1.877966	  0.993086	  0.455073	  0.030735	1275.839540	10675.482483	 36.420051	-74.645103	 45.370388	 -6.753243	  0.978043	15859.490704	
  2.951867	  2.085674	  0.989230	  0.420965	  0.019992	1278.311113	10881.945696	 36.328307	-74.923231	 51.159973	 -7.281016	  0.918950	17854.664646	
  2.904736	  2.040399	  0.994370	  0.468551	  0.015630	1274.118892	10567.553718	 27.222794	-73.598578	 53.443257	 -5.529873	  0.942270	17257.562202	
  2.866476	  2.000097	  0.967681	  0.490923	  0.017632	1279.362958	11544.954432	 30.934545	-75.246452	 45.406109	 -6.732551	  0.881776	16027.690767	
  2.960704	  2.079372	  0.958180	  0.469665	  0.030887	1275.696780	10768.767172	 27.977971	-74.031648	 46.258397	 -6.174085	  0.885100	17733.673331	
  2.791128	  2.004684	  0.980035	  0.457619	  0.022344	1288.748731	10743.078421	 37.216314	-74.306532	 48.465759	 -8.548539	  0.882773	16633.407682	
  3.138178	  1.956519	  0.961576	  0.483656	  0.048162	1278.283079	11310.493096	 32.411974	-75.126747	 44.345688	 -6.438279	  0.958704	16460.903768	
  3.040031	  1.863154	  0.939717	  0.491549	  0.050207	1284.736535	11091.281819	 29.957823	-74.425004	 44.433540	 -7.612730	  0.909223	17385.510999	
  3.078541	  1.840315	  0.949865	  0.486559	  0.032434	1292.101563	10921.302866	 35.910110	-74.172557	 49.385999	 -7.634306	  0.951328	16312.063277	
  2.797182	  1.939201	  0.947612	  0.454685	  0.064802	1303.674124	11117.766235	 33.261554	-74.859714	 43.338414	 -7.171687	  0.975931	16258.794655	
  3.135566	  1.961567	  0.988116	  0.442919	  0.042587	1288.379668	11212.028657	 28.326695	-74.290216	 51.602801	 -6.928537	  0.855110	16557.099723	
  3.067387	  1.918000	  0.971009	  0.445043	  0.028941	1298.560916	10897.645690	 27.346342	-75.454932	 46.596605	 -6.052068	  0.884857	16372.054468	
  2.895454	  2.046394	  0.957713	  0.452822	  0.068728	1295.692141	10582.715153	 34.165740	-74.540020	 46.085402	 -7.458961	  0.861383	16650.858186	
  3.009928	  1.957547	  0.993311	  0.483608	  0.019098	1282.653724	10886.987130	 28.389709	-74.774108	 45.028945	 -7.248612	  0.923816	16187.802816	
  2.919885	  1.992490	  0.958339	  0.484291	  0.032457	1283.833374	10815.117199	 32.454225	-75.045882	 50.460581	 -5.411504	  0.966266	16394.824519	
  3.154866	  1.958970	  0.954917	  0.427307	  0.059488	1273.690738	10321.553289	 27.151973	-75.379116	 51.737515	 -5.558878	  0.913266	16513.057759	
  2.934251	  1.995274	  0.944344	  0.462772	  0.050957	1274.115001	10929.604198	 33.527477	-75.005065	 45.028292	 -6.369712	  0.969020	15712.423993	
  2.949271	  1.943633	  0.952746	  0.466037	  0.019079	1292.476127	11162.751729	 34.390886	-74.437466	 46.971334	 -6.793831	  0.913147	17310.325549	
  2.868259	  2.084770	  0.958170	  0.447735	  0.035383	1282.526877	11675.272942	 33.962400	-74.754637	 46.675233	 -7.658225	  0.890975	15855.720683	
  3.037440	  1.965728	  0.976342	  0.492147	  0.058965	1274.859528	11185.895487	 31.596056	-75.504370	 50.881476	 -7.061573	  0.880656	16959.530031	
  2.969100	  1.979695	  0.961048	  0.439677	  0.049267	1283.341747	11361.906571	 30.511495	-74.338904	 47.042017	 -8.081384	  0.933604	17438.320590	
  2.909402	  1.893721	  0.972743	  0.449280	  0.007407	1283.574944	10885.543423	 26.016264	-74.292419	 48.778103	 -7.713324	  0.958521	15658.424642	
  2.875133	  1.927596	  0.940642	  0.419343	  0.049031	1285.802213	11033.470319	 30.061485	-74.652701	 49.164370	 -7.890170	  0.943478	17310.227617	
  3.022487	  2.040983	  0.943402	  0.461730	  0.041382	1294.398112	10754.661943	 37.074975	-75.352196	 45.790272	 -7.264007	  0.951179	17268.163314	
  3.054667	  2.079203	  0.955196	  0.469210	  0.048521	1285.677983	10749.727601	 37.280735	-74.157267	 50.150119	 -7.548373	  0.911169	16927.412461	
  3.270178	  1.868610	  0.936834	  0.466466	  0.070160	1276.204824	11141.708263	 39.272998	-74.329127	 48.549336	 -6.737525	  0.906732	16560.804737	
  2.885157	  1.935827	  0.963531	  0.475097	  0.066299	1286.761826	10675.874655	 37.572225	-74.495310	 49.443017	 -6.364307	  0.922271	17930.641479	
  3.071583	  2.020921	  0.939669	  0.431423	  0.037830	1294.503447	11143.088724	 28.825424	-74.728782	 46.082677	 -8.588392	  0.939597	16331.730433	
  2.924991	  1.967268	  0.962982	  0.451955	  0.024561	1283.830517	11298.237372	 30.922428	-75.037187	 44.562960	 -7.851101	  0.908743	17082.680350	
  3.007065	  1.968494	  0.970389	  0.430710	  0.017157	1284.530679	10555.100501	 30.492647	-75.037845	 44.369429	 -8.277803	  0.992320	15875.352335	
  2.856519	  1.926840	  0.990706	  0.460212	  0.021532	1271.245443	10893.059537	 31.663543	-74.080739	 48.184952	 -6.871367	  0.910570	16309.464915	
  2.985867	  1.983847	  0.985895	  0.450003	  0.023620	1287.342032	10696.130606	 30.034655	-73.597167	 48.154341	 -7.334853	  0.914554	17257.057913	
  3.267769	  1.874490	  0.958912	  0.460515	  0.053734	1277.271756	11151.974480	 24.664238	-74.110650	 52.533127	 -8.155856	  0.916720	17113.147353	
  2.871100	  1.999172	  0.978775	  0.442714	  0.051602	1294.419730	10821.570861	 23.557166	-74.654660	 49.385576	 -7.166067	  0.974484	16960.310216	
  2.923456	  2.076931	  0.956113	  0.498121	  0.044997	1285.943128	11231.665209	 28.651191	-74.282331	 45.171622	 -7.094694	  0.935671	17416.371315	
  3.045942	  2.012088	  0.961535	  0.457757	  0.060005	1292.537455	11166.468816	 27.783752	-74.579707	 45.748918	 -7.424626	  0.917304	15769.998202	
  2.916531	  2.000804	  0.978215	  0.436174	  0.025129	1293.988811	11736.374092	 30.411929	-74.321624	 47.775887	 -7.414316	  0.912781	15397.906568	
  2.848040	  2.075702	  0.941734	  0.477278	  0.039402	1271.811685	10378.857653	 31.554213	-74.267867	 44.440298	 -6.812014	  0.956483	16196.052498	
  2.928134	  2.045152	  0.946329	  0.476779	  0.019851	1274.468260	10897.809323	 31.634610	-74.246092	 46.837397	 -7.020428	  0.961282	16185.583877	
  2.898594	  1.927139	  0.961356	  0.463147	  0.005245	1282.018372	11173.722432	 39.510626	-75.161530	 47.342215	 -7.005220	  0.960935	17818.135219	
  2.922888	  2.108138	  0.960723	  0.480623	  0.049604	1287.359589	11320.266059	 29.221350	-74.436420	 52.530356	 -8.195888	  0.980026	15350.130986	
  2.908960	  2.017570	  0.983981	  0.482511	  0.056553	1286.648014	10522.319274	 33.812778	-74.734382	 44.532602	 -6.722206	  0.923528	16209.764545	
  3.196710	  2.096512	  0.943298	  0.420911	  0.029433	1274.949506	10802.550862	 33.148560	-74.407406	 47.312799	 -6.862892	  0.852764	17366.677188	
  2.977106	  2.005992	  0.959149	  0.473343	  0.026462	1295.987313	10958.363231	 29.614685	-75.330998	 44.344015	 -7.421692	  0.954844	16817.538534	
  3.203168	  1.951976	  0.988720	  0.442813	  0.053567	1287.225674	10685.845760	 27.362255	-74.578125	 47.132863	 -6.307337	  0.986716	15634.054779	
  3.068584	  1.942213	  0.972187	  0.467373	  0.033275	1285.773007	11021.321433	 28.293261	-74.912995	 42.922211	 -7.879240	  0.921825	17260.502885	
  3.061970	  1.962964	  0.954163	  0.455111	  0.059448	1286.351590	11106.170236	 32.176297	-74.690600	 52.050981	 -7.460695	  0.952522	17780.242940	
  2.922114	  1.942556	  0.948536	  0.458141	  0.050600	1284.101925	10901.484472	 26.856421	-74.143173	 47.870142	 -7.743462	  0.921561	15281.219485	
  2.828003	  1.928095	  0.977571	  0.449842	  0.017355	1289.126249	11446.429898	 30.793534	-74.607054	 44.854805	 -6.875878	  0.914907	15449.867583	
  3.084085	  1.918175	  0.953420	  0.436249	  0.035860	1301.299283	11275.377422	 35.451377	-74.179778	 45.508896	 -7.613761	  0.864653	16173.353069	
  3.120546	  1.951007	  0.956499	  0.426779	  0.052745	1295.188543	11058.424785	 25.640996	-74.136034	 49.894293	 -8.295930	  0.895732	15601.843873	
  3.093122	  2.022548	  0.926296	  0.454869	  0.029398	1296.273776	11066.547900	 39.309881	-74.069108	 48.830722	 -6.694581	  0.907660	15724.786604	
  3.177670	  1.971246	  0.962082	  0.454866	  0.024860	1282.666883	11162.759162	 25.847505	-74.645479	 46.017763	 -6.751187	  0.852513	16471.464425	
  2.940808	  1.944764	  0.929154	  0.425884	  0.018749	1294.309310	11022.486103	 33.306985	-74.401836	 46.176081	 -7.629070	  0.901696	16388.311596	
  3.152482	  2.054517	  0.948714	  0.454649	  0.037176	1280.403897	11380.259672	 34.718537	-74.866207	 41.829548	 -6.278576	  0.867394	17696.746725	
  3.005976	  1.939064	  0.945960	  0.456180	  0.028720	1304.339667	10870.683030	 27.328831	-75.142703	 49.986598	 -6.171089	  0.888592	16129.136130	
  3.220841	  1.992011	  0.964089	  0.436937	  0.056859	1292.523271	10950.820924	 38.112323	-74.529321	 48.832279	 -7.234364	  0.906754	15396.466128	
  3.227982	  2.087367	  0.985725	  0.455635	  0.050754	1275.919029	10608.317149	 29.701476	-74.636605	 45.875116	 -6.664874	  0.961745	17365.086977	
  3.040719	  2.014864	  0.958705	  0.446533	  0.054103	1290.986841	11348.736416	 29.348542	-74.052550	 47.384523	 -7.061378	  0.878789	16276.465423	
  2.940148	  1.985061	  0.997624	  0.438520	  0.032054	1272.302751	11233.383745	 26.902959	-74.498542	 46.454874	 -6.735483	  0.977223	16818.529125	
  2.977293	  1.887161	  0.973576	  0.473538	  0.071107	1296.787917	10712.579588	 25.034706	-74.885202	 43.120175	 -7.344645	  0.943147	16329.855673	
  3.142739	  1.979907	  0.964223	  0.482654	  0.015751	1269.536965	10756.808829	 24.809762	-74.424097	 47.177468	 -6.723039	  0.932892	17514.172780	
  2.843819	  2.097403	  0.965496	  0.470124	  0.021984	1296.649567	10965.723202	 34.153088	-75.032418	 50.041440	 -7.089479	  0.928585	17194.100554	
  2.726218	  2.005487	  0.940149	  0.425532	  0.026502	1296.283535	10820.479562	 30.822230	-74.590564	 49.053737	 -7.656200	  0.904563	16506.733223	
  3.074737	  1.945508	  0.989208	  0.426904	  0.020755	1286.910599	11019.392237	 26.728335	-74.220172	 45.625478	 -7.110447	  0.905945	16847.034941	
  2.952874	  1.895750	  0.959728	  0.435585	  0.027435	1279.478967	11292.709777	 25.525562	-74.710655	 44.264178	 -5.783032	  0.937989	17722.396850	
  2.886519	  2.113898	  0.958281	  0.417849	  0.076980	1289.811588	10346.456784	 29.252984	-74.278038	 47.293763	 -6.789378	  0.931497	16418.279338	
  3.250870	  1.900221	  0.987891	  0.433620	  0.018907	1304.667026	11629.310292	 34.414667	-74.215893	 49.432998	 -7.963558	  0.919190	17066.400394	
  3.008087	  1.884686	  0.960534	  0.456500	  0.056156	1276.042438	10660.208554	 34.530678	-74.465035	 51.627758	 -6.375034	  0.943696	16484.527284	
  2.937427	  1.938080	  0.976628	  0.447075	  0.025961	1287.230734	10544.622027	 26.021793	-74.040641	 49.633704	 -7.383759	  0.854996	17484.238766	
  3.043619	  2.046047	  0.934697	  0.470839	  0.018796	1300.844356	10484.874081	 35.606997	-74.876640	 48.754065	 -6.762201	  0.940966	16540.454230	
  2.893458	  1.980984	  0.961543	  0.453810	  0.054242	1286.670644	10981.497398	 32.882883	-74.337063	 42.207374	 -7.411539	  0.953190	16764.726649	
  3.117790	  1.980046	  0.941803	  0.457141	  0.057667	1285.972446	11031.514290	 32.154893	-74.790048	 49.334157	 -6.935842	  0.947977	16403.285327	
  2.902033	  1.950100	  0.974641	  0.469068	  0.018110	1276.583547	10626.056565	 35.571032	-74.682909	 49.633613	 -8.593499	  0.858182	16377.028463	
  2.791519	  1.899286	  0.973790	  0.433438	  0.045117	1298.882770	11504.696048	 36.057297	-74.619378	 49.068626	 -8.161660	  0.878004	17953.235379	
  2.931797	  2.024193	  0.967146	  0.427556	  0.022884	1285.536398	10558.317292	 33.599109	-74.959072	 47.476565	 -7.298415	  1.016929	17869.060347	
  3.014780	  2.138618	  0.967922	  0.446884	  0.061308	1287.852332	11373.068844	 30.237695	-74.618104	 48.312367	 -7.861344	  0.846618	16054.474794	
  3.208974	  1.933957	  0.931858	  0.443208	  0.068495	1275.550212	10710.869229	 33.930471	-73.887322	 47.124184	 -8.076975	  0.955235	17890.678545	
  3.172404	  1.984876	  0.964985	  0.432866	  0.030183	1295.988442	10909.421352	 36.454787	-74.439378	 48.632522	 -6.391476	  0.921136	16667.259921	
  3.016375	  1.986534	  0.966718	  0.460652	  0.050590	1293.068576	10599.258235	 30.483934	-74.727275	 45.107993	 -8.527595	  0.984683	16395.284473	
  3.164895	  1.894234	  0.932675	  0.456167	  0.036869	1272.906805	11146.263775	 35.007126	-75.137101	 42.313825	 -8.261176	  0.950665	17280.186243	
  3.114773	  1.977100	  0.975541	  0.460728	  0.030737	1296.793084	11017.559460	 28.556269	-74.771002	 49.914923	 -8.227442	  0.983225	16405.293185	
  3.097278	  1.878034	  0.968170	  0.445106	  0.033019	1272.070377	10928.536888	 39.204970	-75.413283	 47.588623	 -7.017782	  0.968985	17026.486239	
  3.152099	  1.910546	  0.949875	  0.499578	  0.013605	1285.927252	11140.950434	 33.179755	-73.561484	 46.915282	 -7.091128	  0.955172	16466.152819	
  2.890421	  2.083192	  0.986087	  0.458443	  0.010208	1273.984706	10669.712971	 30.813453	-74.661169	 46.577803	 -7.111301	  0.923802	17774.396173	
  2.833915	  2.016282	  0.957435	  0.454191	  0.048178	1290.288855	11037.245351	 26.546274	-75.002076	 46.521247	 -6.604925	  0.952075	17164.847172	
  2.965524	  2.061508	  0.968396	  0.447702	  0.036353	1274.063197	10993.466038	 25.631834	-74.786315	 44.448228	 -6.883963	  0.984299	17132.713347	
  2.874365	  1.844329	  0.976544	  0.453565	  0.037718	1289.853860	11657.377282	 35.309268	-74.915882	 45.372193	 -5.871991	  0.964838	17368.248578	
  2.961736	  2.089523	  0.975879	  0.468528	  0.025514	1289.799703	10726.388235	 37.742690	-75.020559	 44.202298	 -8.091364	  0.858833	16623.522219	
  2.942303	  2.101051	  0.949584	  0.481041	  0.028408	1286.188920	10815.866439	 36.303857	-73.984716	 47.524876	 -7.417481	  0.904757	15941.533324	
  2.942654	  2.115198	  0.957444	  0.487267	  0.023688	1270.444063	11404.449884	 31.154554	-75.245790	 42.957370	 -7.466993	  0.851766	17982.272951	
  2.968655	  2.003737	  0.964987	  0.462142	  0.050689	1289.188220	10995.868236	 29.560949	-75.221115	 41.341269	 -7.671165	  1.014313	16346.992927	
  3.145930	  2.017239	  0.939109	  0.448019	  0.008291	1279.854851	11209.436364	 31.612111	-74.050145	 46.062615	 -8.336278	  0.879124	16487.282501	
  3.072152	  1.896142	  0.934175	  0.433320	  0.052324	1275.249105	10961.749579	 27.559992	-74.199846	 50.055340	 -7.446671	  0.942966	16043.937728	
  2.903405	  1.920442	  0.965658	  0.442137	  0.042327	1279.858521	11045.657745	 37.676937	-75.029075	 46.273933	 -6.965345	  1.010508	17422.992520	
  2.927104	  1.974526	  0.945654	  0.450811	  0.035373	1291.034847	11085.898106	 29.003417	-75.192179	 41.804387	 -6.527840	  0.875439	17008.155789	
  2.905158	  1.971794	  0.977301	  0.476727	  0.028080	1283.177788	11166.070727	 34.859619	-75.039608	 47.876516	 -8.085698	  0.876982	16807.550723	
  3.003303	  2.093618	  0.962103	  0.465742	  0.022250	1286.046643	10953.966658	 34.116668	-74.783654	 44.873454	 -7.670404	  0.898222	17001.537059	
  2.917849	  2.116320	  0.936080	  0.440202	  0.061647	1291.198773	10905.693940	 31.588269	-73.994234	 51.531164	 -6.048384	  0.894515	16780.848339	
  2.998904	  1.961919	  0.954419	  0.478976	  0.052767	1280.319720	11023.755877	 32.789698	-74.449191	 42.485429	 -7.043084	  0.976743	17427.312451	
  3.132312	  2.103007	  0.941301	  0.447621	  0.020760	1268.528464	11002.759981	 32.258288	-75.178581	 42.827846	 -7.459774	  0.961510	17228.971544	
  3.015386	  2.047312	  0.959567	  0.441542	  0.064133	1285.866439	10830.634717	 37.634090	-74.137239	 44.230557	 -7.334596	  0.968678	16300.002079	
  3.027747	  1.915920	  0.968316	  0.449280	  0.045101	1297.469636	11071.225417	 28.077571	-75.032425	 49.322457	 -6.491143	  0.964617	16294.047394	
  3.107624	  1.950272	  0.984333	  0.474101	  0.039082	1272.589981	10671.926518	 38.813185	-73.992285	 42.498268	 -7.510596	  0.920970	17613.838814	
  2.894886	  2.082711	  0.933432	  0.426587	  0.029972	1301.067379	11070.493034	 26.326007	-74.401607	 43.903368	 -6.938886	  0.986645	16200.180993	
  3.173580	  2.012822	  0.938519	  0.444309	  0.066613	1275.022533	10907.372899	 25.176463	-74.018068	 49.945599	 -8.161786	  0.925442	18035.932735	
  2.943109	  1.926086	  0.963199	  0.439665	  0.016586	1280.619761	11431.147672	 23.334695	-74.971030	 44.233170	 -6.567860	  0.903449	16552.010105	
  2.943502	  2.053910	  0.975237	  0.476248	  0.048523	1275.593581	10401.075699	 31.670935	-74.858069	 41.927259	 -6.731081	  0.933587	16994.080969	
  3.117940	  2.041486	  0.975710	  0.453196	  0.028815	1296.548666	11162.272785	 34.492379	-74.191222	 44.811217	 -8.273770	  0.990283	16652.269928	
  2.963753	  1.946803	  0.972593	  0.461536	  0.059192	1272.802300	10940.053510	 31.635609	-74.782870	 46.095661	 -7.719181	  0.905251	15962.747020	
  3.139703	  1.934085	  0.949975	  0.455918	  0.070894	1282.630366	11216.787738	 33.862613	-74.509364	 44.418067	 -7.173385	  0.996632	16576.690106	
  2.916794	  1.899259	  0.980106	  0.473799	  0.036076	1291.069850	10492.047117	 24.116448	-75.010574	 49.199267	 -8.731392	  0.856758	16991.416999	
  3.118675	  1.975235	  0.934345	  0.452435	  0.018041	1289.351583	10421.751571	 27.056172	-74.906475	 46.502394	 -8.403918	  0.933707	16855.414674	
  3.102215	  1.928143	  0.945353	  0.478748	  0.026568	1290.606256	10566.563537	 24.866935	-74.802141	 48.458765	 -7.728640	  0.959068	17750.824838	
  3.090859	  1.970619	  0.991317	  0.474289	  0.001289	1272.392516	10977.691305	 35.585024	-73.917724	 40.513062	 -7.731025	  0.876001	16899.120545	
  2.988681	  2.030134	  0.937471	  0.460921	  0.028734	1277.925826	10719.486125	 35.656677	-74.077576	 46.060084	 -6.389381	  1.005753	17376.889310	
  3.077212	  2.074896	  0.970908	  0.468941	  0.024262	1282.705584	10938.198384	 24.819845	-74.207451	 43.530310	 -7.797188	  0.928154	17591.002880	
  2.958780	  1.962746	  0.979453	  0.486280	  0.006742	1284.578785	10868.403722	 32.189197	-74.926834	 47.379725	 -6.509859	  0.854188	16477.833677	
  2.879548	  1.990756	  0.981294	  0.450030	  0.030828	1285.311306	11392.318578	 27.514155	-74.692927	 49.903035	 -6.124339	  0.902118	17021.349377	
  2.938342	  1.963097	  0.960534	  0.454547	  0.027965	1293.205370	10907.427478	 29.042804	-74.590435	 41.112013	 -6.266458	  0.957820	16198.724106	
  2.949550	  2.030146	  0.957322	  0.468577	  0.052968	1282.703671	11216.465189	 33.334187	-74.620226	 46.805552	 -7.953496	  0.914036	16069.731398	
  3.106332	  1.973698	  0.955525	  0.480641	  0.058375	1282.638520	11307.452325	 32.680286	-74.515899	 50.760459	 -7.569910	  0.975253	17657.378987	
  3.108270	  2.023085	  0.956463	  0.456427	  0.074132	1298.002433	10479.512527	 33.887106	-74.809147	 51.532056	 -8.220471	  0.888287	18297.105504	
  2.973584	  1.885363	  0.956337	  0.455364	  0.021105	1283.563508	11147.961384	 28.260435	-74.710575	 43.521674	 -7.173001	  0.945727	15949.825789	
  3.057519	  1.990359	  0.942421	  0.486066	  0.026687	1275.281663	11192.941850	 32.790928	-74.722808	 50.052197	 -7.298813	  0.871367	15679.097294	
  3.204461	  1.966488	  0.969721	  0.457095	  0.060188	1275.070025	11062.391968	 38.166785	-74.319375	 50.726700	 -7.782206	  0.940907	18242.657684	
  2.840586	  1.993157	  0.947722	  0.458140	  0.059282	1275.465098	11155.725351	 33.836572	-74.422232	 46.865406	 -6.973491	  0.991352	16589.245042	
  3.039340	  1.961555	  0.952235	  0.437362	  0.042341	1275.549594	11205.926280	 38.178036	-74.586531	 43.011914	 -7.938943	  0.955732	15341.816504	
  2.940023	  2.105827	  0.956220	  0.425279	  0.026804	1294.397825	11079.554649	 25.522800	-74.593644	 48.222739	 -6.682515	  0.977224	17465.230945	
  3.072975	  2.064168	  0.960769	  0.484061	  0.047928	1298.594854	11093.087590	 28.228385	-74.431914	 48.010204	 -6.108551	  0.920104	16426.538070	
  3.051958	  1.910855	  0.968001	  0.426006	  0.051428	1289.948550	11158.940339	 30.795425	-74.675431	 52.583892	 -7.200620	  0.907714	17129.560726	
  3.101984	  1.991141	  0.972057	  0.474461	  0.020349	1286.997790	11107.786561	 32.734759	-73.620818	 51.908646	 -8.524658	  0.954967	16447.421611	
  3.267079	  1.974674	  0.965857	  0.449445	  0.002325	1274.427233	10806.236591	 26.268460	-74.878926	 45.022252	 -6.216385	  0.901953	15670.989451	
  2.919591	  1.951084	  0.939920	  0.430916	  0.047742	1291.065470	11035.316202	 27.323013	-74.809532	 48.830061	 -8.441183	  0.917410	15953.922077	
  2.858811	  1.897075	  0.974568	  0.470640	  0.037388	1276.306620	10536.673982	 27.275297	-74.249179	 42.809591	 -7.768186	  0.947103	17714.817252	
  3.019440	  2.012335	  0.977612	  0.470555	  0.034865	1301.795434	11627.174059	 31.752858	-74.430096	 43.689235	 -7.110805	  0.955138	16604.312445	
  3.116347	  1.893189	  0.952876	  0.462318	  0.028118	1284.791212	10760.978796	 30.963066	-73.769786	 50.540831	 -6.165321	  0.881273	16283.121633	
  3.036113	  2.069624	  0.979881	  0.456183	  0.021724	1286.903347	10657.439365	 34.219341	-74.621142	 42.697314	 -7.547336	  0.950002	15317.463233	
  2.892581	  2.094533	  0.959252	  0.447403	  0.061741	1265.418086	10579.934358	 26.968777	-75.051309	 48.296446	 -6.641965	  0.896508	17597.796895	
  2.926053	  1.989100	  0.971780	  0.451527	  0.057489	1284.504680	10569.232124	 39.735171	-74.751117	 47.964405	 -6.707803	  0.959765	17127.225124	
  2.872653	  2.027676	  0.953009	  0.415674	  0.026181	1269.929879	10730.196633	 32.523372	-74.450268	 44.118176	 -7.482892	  0.913238	16304.756784	
  3.077927	  1.990379	  0.968271	  0.443817	  0.035087	1297.219886	11204.776658	 27.297717	-75.401352	 45.950555	 -7.253689	  0.853359	16131.146877	
  2.953838	  2.016478	  0.945177	  0.460412	  0.039744	1270.378744	10761.801370	 22.971828	-73.871406	 46.626156	 -7.859455	  0.965098	16708.537155	
  3.081809	  1.920026	  0.941938	  0.475857	  0.002722	1277.116261	11027.158545	 31.128598	-74.473294	 46.321858	 -6.721836	  0.930174	17334.452463	
  2.998940	  1.957270	  0.971572	  0.460559	  0.046408	1298.476263	11471.931447	 24.631030	-74.878005	 43.999226	 -6.870436	  0.939598	18368.154363	
  3.018187	  1.983426	  0.948035	  0.456025	  0.031505	1278.374582	11013.197390	 34.672113	-74.580962	 49.595903	 -7.565066	  0.901987	17670.926975	
  3.093972	  1.934154	  0.961079	  0.445461	  0.042341	1301.570458	11004.659921	 30.353543	-74.623794	 46.877827	 -8.246499	  0.887822	16164.514681	
  3.135973	  2.060056	  0.961673	  0.465409	  0.043197	1276.369168	11601.171836	 32.438533	-73.840403	 47.380102	 -6.477655	  0.941760	15895.798985	
  2.969668	  2.103700	  0.956830	  0.435857	  0.008465	1294.843538	10704.988321	 29.135490	-75.097817	 51.938322	 -6.190652	  0.880417	17108.542902	
  2.880241	  1.966162	  0.960156	  0.441340	  0.031074	1276.982380	10850.854043	 33.080670	-74.518143	 50.324600	 -7.372417	  0.878927	16123.237070	
  2.994912	  1.868851	  0.932343	  0.471034	  0.023740	1272.611694	11013.716323	 23.667481	-74.748015	 50.408200	 -6.339383	  0.944483	16510.774353	
  2.974459	  1.980719	  0.974000	  0.452992	  0.036544	1281.233147	11617.749363	 32.649398	-74.801188	 49.352568	 -8.351231	  0.929308	16722.723269	
  3.100743	  1.935774	  0.969377	  0.457950	  0.046174	1287.887114	10716.391741	 31.807705	-73.974596	 45.346382	 -7.439354	  0.903543	15862.513385	
  2.947781	  2.008779	  0.962372	  0.475980	  0.052217	1270.517604	11714.558504	 32.356170	-74.667345	 49.852420	 -7.602998	  0.947268	16946.992262	
  2.990606	  2.066912	  0.987321	  0.446889	  0.041334	1290.031119	10708.010662	 36.503770	-75.103967	 47.279301	 -6.304553	  0.957711	16623.566503	
  3.233629	  1.995125	  0.957818	  0.423355	  0.025198	1268.426109	11484.748982	 32.162942	-74.959152	 46.388299	 -7.501461	  0.868118	15322.230502	
  3.076062	  1.973049	  0.987434	  0.444789	  0.019060	1287.120537	11026.474513	 29.959574	-74.760602	 43.448649	 -6.814418	  0.895294	17376.926851	
  2.904849	  1.953278	  0.974444	  0.485825	  0.060046	1278.018820	11198.467505	 31.388385	-75.031098	 47.352112	 -8.318432	  0.905843	17513.577451	
  2.997104	  1.994681	  0.951680	  0.467289	  0.039244	1285.304080	10821.314072	 26.942941	-73.610732	 47.200407	 -7.172243	  1.001966	17170.018159	
  3.029758	  2.042895	  0.947356	  0.426604	  0.038692	1293.044253	10692.673136	 33.915903	-74.978642	 47.998687	 -7.031026	  0.957216	16468.757269	
  2.972787	  1.975796	  0.960213	  0.446040	  0.049472	1284.571852	10666.169164	 40.272604	-75.256473	 43.209679	 -8.097255	  0.927807	15759.043870	
  2.770568	  2.002637	  0.938699	  0.416337	  0.003508	1285.943326	11112.114426	 29.961974	-74.810826	 50.819077	 -6.053668	  0.912250	18138.788234	
  3.023100	  1.913782	  0.944773	  0.439676	  0.052020	1288.996239	11664.931111	 34.858627	-74.669667	 47.255708	 -7.035693	  0.963388	16505.021971	
  3.118897	  1.891452	  0.920855	  0.439062	  0.032998	1296.168271	10531.108860	 31.446799	-75.005056	 47.237624	 -7.447283	  0.913834	17793.152326	
  2.890910	  2.045898	  0.982954	  0.440138	  0.027767	1272.454726	11307.750342	 30.731296	-75.258221	 44.143741	 -7.759657	  0.871950	18048.501271	
  3.083638	  1.980077	  0.967182	  0.460983	  0.016294	1278.659780	11469.761474	 30.311454	-73.763881	 48.430093	 -7.495395	  0.926776	16458.445711	
  3.019293	  1.959690	  0.941044	  0.466887	  0.013159	1288.349478	11152.189822	 37.536514	-74.849710	 47.537778	 -8.213497	  0.945345	17498.522954	
  3.029629	  2.023101	  0.962569	  0.435953	  0.071598	1301.041930	10799.361725	 31.564615	-74.469605	 52.450045	 -6.428156	  0.882559	16224.268950	
