  5.763710	 69.889234	 84.429481	  0.927446	  0.829936	  0.248060	  0.220074	 77.284625	 50.174942	  1.045287	  0.099448	  0.247724	  2.071171	 15.766457	2566.132831	  1.023046	
  5.670428	 74.765836	 84.531007	  0.894280	  0.847533	  0.251448	  0.216500	 77.173859	 50.390929	  1.035959	  0.091364	  0.370858	  2.561903	 16.672010	2887.684216	  1.022783	
  5.721913	 75.791534	 84.277071	  0.867467	  0.842015	  0.261296	  0.218891	 77.288943	 50.912878	  1.059182	  0.093043	  0.256755	  2.182476	 20.653881	2655.859456	  1.026366	
  5.886602	 71.472872	 84.418850	  0.868197	  0.822597	  0.267324	  0.218180	 77.344917	 47.734563	  1.015816	  0.096443	  0.318181	  2.196845	 18.902720	2411.600299	  1.025404	
  5.751067	 69.706812	 84.413776	  0.918661	  0.799686	  0.266700	  0.216864	 77.315615	 47.092693	  1.006194	  0.094716	  0.297111	  2.335676	 19.740094	1498.157286	  1.023078	
  5.681588	 75.701080	 84.454366	  0.915713	  0.822075	  0.254833	  0.221088	 77.326068	 49.810644	  0.946385	  0.093042	  0.300310	  2.422569	 14.677677	2802.146563	  1.020774	
  5.815072	 69.751013	 84.494771	  0.918346	  0.813956	  0.259155	  0.222864	 77.238656	 50.829536	  0.956844	  0.098447	  0.323374	  2.573373	 21.421316	2211.105151	  1.022617	
  5.908154	 70.059107	 84.365247	  0.933331	  0.812420	  0.262102	  0.221927	 77.007163	 50.818556	  1.051712	  0.106281	  0.216514	  2.652657	 16.601205	3559.602151	  1.026875	
  5.569970	 73.285088	 84.360486	  0.957758	  0.814661	  0.255677	  0.219085	 77.220564	 48.864333	  1.033037	  0.101241	  0.288405	  2.134054	 21.392772	1479.296448	  1.023319	
  5.667595	 73.444397	 84.469144	  0.861504	  0.816034	  0.254257	  0.220824	 77.214421	 47.743008	  1.020461	  0.100495	  0.274968	  2.349688	 18.685700	795.689283	  1.025804	
  5.661947	 78.227571	 84.430570	  0.944692	  0.819151	  0.266847	  0.230613	 77.066322	 51.854763	  1.026617	  0.094799	  0.349223	  2.160450	 21.120271	1895.838690	  1.028366	
  5.758974	 71.635758	 84.494421	  0.898096	  0.814596	  0.262546	  0.224482	 77.131494	 49.173034	  0.984649	  0.094998	  0.259623	  2.128521	 17.307527	2500.702183	  1.022626	
  5.782213	 78.586668	 84.504222	  0.886986	  0.849561	  0.265870	  0.225129	 77.376808	 50.342188	  1.043094	  0.089031	  0.277632	  2.407353	 14.846405	2656.691697	  1.024606	
  5.766654	 72.649761	 84.333016	  0.904474	  0.845959	  0.256305	  0.226384	 77.016339	 49.723882	  1.060440	  0.090068	  0.315027	  2.375095	 17.309423	2526.293631	  1.023849	
  5.762435	 69.224520	 84.350399	  0.968916	  0.814790	  0.258178	  0.218021	 77.392095	 47.052262	  1.029224	  0.093573	  0.256971	  2.406651	 19.852355	2572.549928	  1.020536	
  5.881964	 73.330937	 84.349107	  0.938843	  0.824644	  0.254943	  0.222645	 77.103911	 49.011274	  0.997887	  0.093220	  0.322346	  2.339881	 23.588289	2591.898787	  1.023592	
  5.913714	 75.271918	 84.452481	  0.841064	  0.821779	  0.255013	  0.223954	 77.241590	 51.149556	  1.030226	  0.091441	  0.329030	  2.225564	 16.212676	2210.245914	  1.028945	
  5.780191	 76.048018	 84.543047	  0.919801	  0.822091	  0.255627	  0.222761	 77.312678	 50.280749	  1.019195	  0.101556	  0.267537	  2.127130	 16.867408	2718.487738	  1.022322	
  5.820999	 67.535625	 84.345113	  0.848898	  0.818401	  0.247788	  0.223262	 77.395690	 49.367853	  1.036865	  0.092703	  0.298855	  2.375718	 16.100316	1837.002478	  1.022296	
  5.648824	 79.809378	 84.485780	  0.892461	  0.828358	  0.268285	  0.222428	 77.023357	 46.246231	  1.067698	  0.096986	  0.248043	  2.778653	 14.883519	2665.574657	  1.023838	
  5.713210	 74.577380	 84.503593	  0.943996	  0.807963	  0.267799	  0.220406	 77.352064	 46.368608	  1.025383	  0.090767	  0.324731	  2.441616	 14.045124	1805.084248	  1.020148	
  5.722216	 75.915071	 84.428450	  0.858951	  0.812962	  0.261669	  0.226889	 77.378507	 48.156954	  1.032367	  0.098468	  0.333351	  2.388973	 18.767120	1981.255922	  1.025058	
  5.616906	 71.595683	 84.352362	  0.932858	  0.818434	  0.253803	  0.225595	 77.047263	 48.277606	  0.977488	  0.100153	  0.284672	  2.564953	 13.884894	2928.878296	  1.019250	
  5.828534	 67.342362	 84.474482	  0.873129	  0.805541	  0.259522	  0.220935	 77.071221	 51.450343	  1.000740	  0.091897	  0.265112	  2.505508	 20.567847	1030.715395	  1.021497	
  5.623554	 68.673251	 84.492066	  0.937165	  0.809120	  0.248589	  0.224174	 77.252735	 47.842719	  1.031054	  0.085986	  0.313684	  2.519791	 15.256342	3708.858035	  1.022762	
  5.725284	 65.218412	 84.275005	  0.941743	  0.820560	  0.256768	  0.223039	 77.151696	 45.357977	  1.004160	  0.086564	  0.281990	  2.573738	 19.912015	2829.859113	  1.019381	
  5.709217	 74.378347	 84.447198	  0.929461	  0.838960	  0.252499	  0.227628	 77.324245	 50.862332	  0.965910	  0.097478	  0.276978	  2.388425	 20.583314	2305.293755	  1.020263	
  5.660037	 72.506264	 84.458543	  0.972568	  0.807114	  0.259151	  0.222631	 77.235995	 47.028676	  1.029034	  0.091243	  0.294149	  2.579274	 20.197236	3076.192288	  1.026394	
  5.712106	 68.851298	 84.479278	  0.902739	  0.813392	  0.255375	  0.224837	 77.355887	 45.179111	  0.941241	  0.103928	  0.252504	  2.372119	 19.739894	2466.450383	  1.024420	
  5.583164	 73.732152	 84.333266	  0.897146	  0.831153	  0.250736	  0.223389	 77.221317	 48.786801	  1.038860	  0.089957	  0.328669	  2.140887	 20.544244	823.527915	  1.022319	
  5.627669	 71.391646	 84.376053	  0.941948	  0.837489	  0.256937	  0.216799	 77.168805	 47.114307	  0.942612	  0.092574	  0.323243	  2.364187	 21.013853	1372.176238	  1.022262	
  5.817996	 73.645586	 84.466306	  0.859950	  0.823177	  0.265784	  0.224662	 77.148036	 46.885106	  1.040624	  0.095561	  0.341548	  2.524867	 17.759323	2758.291990	  1.023114	
  5.750151	 69.480749	 84.362080	  0.869840	  0.833090	  0.254638	  0.224582	 77.176254	 47.344851	  0.939809	  0.101864	  0.378760	  2.303869	 18.609559	1373.399942	  1.021723	
  5.798745	 75.901157	 84.345208	  0.899381	  0.835802	  0.257407	  0.225776	 77.167398	 51.683843	  1.027485	  0.097917	  0.294534	  2.332256	 13.911778	1927.495287	  1.027885	
  5.709564	 71.315783	 84.344675	  0.958160	  0.819454	  0.246107	  0.225285	 77.138386	 46.443090	  0.973873	  0.098704	  0.320464	  2.175094	 21.303497	2670.362407	  1.022435	
  5.850703	 65.161814	 84.484020	  0.906201	  0.824937	  0.254513	  0.222163	 77.166270	 49.885163	  0.990748	  0.099058	  0.339159	  2.356005	 18.086957	2411.974835	  1.026698	
  5.659703	 74.113276	 84.454382	  0.955083	  0.829366	  0.246326	  0.224756	 77.143017	 51.631778	  0.996460	  0.092141	  0.238357	  2.484628	 17.206293	812.720740	  1.021579	
  5.708347	 76.803185	 84.395737	  0.960477	  0.830896	  0.249284	  0.216641	 77.249866	 52.197785	  1.013602	  0.086796	  0.285582	  2.464911	 12.918309	2481.946246	  1.022523	
  5.691233	 71.932366	 84.514335	  0.934151	  0.820255	  0.259699	  0.223588	 77.171683	 49.378299	  1.025318	  0.088242	  0.325850	  2.700687	 17.377290	2019.822386	  1.019838	
  5.778700	 70.158748	 84.420388	  0.952715	  0.851898	  0.263577	  0.222785	 77.292956	 49.545199	  1.051752	  0.097283	  0.335741	  2.607038	 19.894455	2818.849018	  1.024997	
  5.825059	 78.249608	 84.364829	  0.860344	  0.824432	  0.249476	  0.225564	 77.281328	 52.614286	  1.020535	  0.094605	  0.230700	  2.306757	 18.021357	1943.864400	  1.020864	
  5.842535	 68.121377	 84.337523	  0.890989	  0.804987	  0.259895	  0.217626	 77.268763	 50.020599	  1.060461	  0.084868	  0.274757	  2.637309	 21.904896	2438.319441	  1.019843	
  5.686759	 76.601932	 84.334590	  0.926677	  0.823475	  0.260859	  0.217805	 77.209868	 51.407837	  0.993967	  0.095491	  0.288293	  2.477780	 13.212595	1069.211311	  1.023442	
  5.615878	 65.392475	 84.494960	  0.891763	  0.834558	  0.262865	  0.218670	 77.136353	 47.794588	  1.013019	  0.092108	  0.240687	  2.140016	 18.471401	1271.314720	  1.019683	
  5.654376	 66.883627	 84.495189	  0.931808	  0.798779	  0.252611	  0.219663	 77.101630	 50.226262	  1.045972	  0.103383	  0.319162	  1.960356	 17.613232	3721.099059	  1.022168	
  5.732029	 76.693738	 84.413938	  0.912199	  0.819479	  0.251720	  0.224639	 77.287590	 46.701157	  0.961945	  0.088820	  0.261174	  2.319538	 22.111181	3998.799449	  1.018221	
  5.881927	 75.752027	 84.341061	  0.950795	  0.828681	  0.267002	  0.221881	 77.142028	 49.989731	  1.072918	  0.090726	  0.303701	  2.329550	 18.785640	3092.067566	  1.019302	
  5.813272	 78.964239	 84.412552	  0.929558	  0.858291	  0.264678	  0.220500	 77.093594	 49.975996	  1.028902	  0.102556	  0.245006	  2.568164	 15.793891	1701.824572	  1.021079	
  5.906083	 64.039060	 84.443862	  0.900087	  0.813952	  0.249610	  0.221984	 77.314884	 52.705770	  1.000637	  0.103211	  0.264833	  2.303551	 12.748529	2656.949330	  1.022155	
  5.640021	 79.481313	 84.395111	  0.911553	  0.852087	  0.249280	  0.226722	 77.226698	 51.173536	  1.085123	  0.095772	  0.265954	  2.212084	 17.327593	3034.208148	  1.017268	
  5.800791	 73.344036	 84.334880	  0.911613	  0.832698	  0.265404	  0.222092	 77.114073	 49.042850	  0.944386	  0.092944	  0.351033	  2.321295	 20.207369	1911.064805	  1.022121	
  5.650503	 65.507701	 84.398895	  0.893559	  0.842105	  0.254257	  0.224393	 77.192164	 49.538195	  1.014190	  0.098295	  0.315528	  2.698149	 18.014495	2531.328057	  1.023105	
  5.767768	 78.596825	 84.523214	  0.870899	  0.843358	  0.255655	  0.222505	 77.240113	 53.336401	  1.051096	  0.092090	  0.375312	  2.129169	 16.571248	2308.397211	  1.019197	
  5.890224	 71.770877	 84.336843	  0.925585	  0.836658	  0.257997	  0.221520	 77.245771	 47.826436	  0.993031	  0.091344	  0.285887	  2.506327	 17.193383	2219.938854	  1.020293	
  5.887826	 69.964198	 84.520653	  0.951204	  0.814448	  0.256879	  0.224992	 77.350704	 52.456958	  0.990171	  0.094906	  0.331690	  2.460125	 22.310492	2569.749596	  1.020888	
  5.847900	 68.993859	 84.386734	  0.905776	  0.824458	  0.250866	  0.227466	 77.045221	 48.055947	  1.002111	  0.093772	  0.247590	  2.277757	 15.236172	1586.525429	  1.019915	
  5.828105	 77.431193	 84.412148	  0.902133	  0.822533	  0.258729	  0.223305	 77.054775	 49.707276	  0.985412	  0.103126	  0.302968	  2.154130	 19.224208	2587.366348	  1.022767	
  5.757159	 76.339809	 84.354519	  0.981082	  0.794042	  0.258192	  0.229904	 77.297476	 50.793241	  1.044740	  0.083914	  0.329916	  2.613646	 20.137802	2850.453517	  1.028728	
  5.690232	 79.379687	 84.483198	  0.951324	  0.819229	  0.258024	  0.218642	 76.980678	 48.673276	  1.045185	  0.104781	  0.245502	  2.305528	 18.928998	2706.126870	  1.023257	
  5.747644	 70.590752	 84.318881	  0.936700	  0.830849	  0.266622	  0.223977	 77.208625	 48.600230	  0.948150	  0.085677	  0.312220	  2.256576	 16.562272	2263.126989	  1.020058	
  5.596435	 72.158429	 84.535449	  0.837401	  0.824974	  0.249448	  0.219824	 77.376286	 48.325611	  1.018848	  0.093261	  0.295489	  2.398500	 15.538572	2367.510700	  1.027971	
  5.801956	 74.070843	 84.539988	  0.925216	  0.821583	  0.251666	  0.229136	 77.213906	 47.955502	  0.977327	  0.099392	  0.277163	  2.042122	 17.767597	1826.457423	  1.023673	
  5.786231	 80.147560	 84.552061	  0.890040	  0.836123	  0.265122	  0.227722	 77.066089	 50.898079	  1.055582	  0.093545	  0.257755	  2.674876	 19.356758	3053.314208	  1.020071	
  5.754934	 70.617781	 84.558713	  0.847940	  0.824313	  0.256774	  0.219350	 76.985128	 45.980409	  1.071594	  0.102249	  0.275846	  2.802352	 19.039474	2816.034308	  1.026178	
  5.806109	 74.652751	 84.432618	  0.875076	  0.794313	  0.260097	  0.226452	 77.262328	 47.294687	  0.971915	  0.096491	  0.225539	  2.523184	 19.901134	1524.308955	  1.023336	
  5.765182	 76.464694	 84.315662	  0.916030	  0.831591	  0.251371	  0.221395	 77.153524	 48.203428	  1.049360	  0.100416	  0.272275	  2.302378	 20.373795	1509.971266	  1.022807	
  5.747185	 76.326805	 84.481742	  0.871534	  0.855525	  0.253890	  0.224639	 77.217726	 49.383598	  1.010143	  0.085275	  0.225675	  2.207072	 18.936725	2204.930633	  1.022157	
  5.778610	 70.979168	 84.298281	  0.962438	  0.790868	  0.260471	  0.223601	 77.344387	 48.436470	  1.073043	  0.089868	  0.279449	  2.397327	 23.731092	3626.538237	  1.028790	
  5.709605	 68.009619	 84.449389	  0.860915	  0.844740	  0.259201	  0.229695	 77.056361	 50.949503	  1.067843	  0.094462	  0.362268	  2.291042	 20.790456	1173.241602	  1.022793	
  5.770638	 75.919760	 84.344960	  0.880808	  0.799549	  0.255399	  0.226663	 77.297066	 48.072822	  1.077484	  0.091355	  0.277939	  2.193607	 18.414106	2484.189999	  1.018549	
  5.801879	 75.620030	 84.369812	  0.925397	  0.839828	  0.254037	  0.228733	 77.220636	 51.571886	  1.048533	  0.099929	  0.211126	  2.147233	 20.245557	1995.003065	  1.020949	
  5.822771	 78.715149	 84.512117	  0.890829	  0.836751	  0.260747	  0.227175	 77.013401	 48.692937	  1.067036	  0.090230	  0.297861	  2.356843	 14.832488	3089.254936	  1.026847	
  5.718918	 69.754305	 84.409625	  0.894795	  0.830809	  0.253916	  0.221345	 77.431809	 46.667764	  0.970189	  0.093199	  0.236148	  2.539564	 19.253127	2195.232765	  1.021783	
  5.660464	 80.956494	 84.432817	  0.915663	  0.827634	  0.270079	  0.223224	 77.235233	 50.566227	  0.976440	  0.100939	  0.355287	  2.075157	 20.292363	2047.898240	  1.024409	
  5.743452	 76.410103	 84.372847	  0.891400	  0.820002	  0.259522	  0.222003	 77.257399	 48.801848	  0.977309	  0.093837	  0.296124	  2.506259	 20.673525	2505.999417	  1.021327	
  5.659601	 79.588564	 84.401162	  0.925663	  0.820280	  0.254509	  0.225902	 77.057387	 48.749637	  1.017433	  0.093857	  0.339365	  2.713628	 18.550965	1857.075605	  1.023087	
  5.795858	 82.091181	 84.306937	  0.886709	  0.804893	  0.262126	  0.223477	 77.313863	 46.104910	  1.037012	  0.091664	  0.288158	  2.354101	 17.009115	3673.385427	  1.022618	
  5.737110	 66.062485	 84.423521	  0.965880	  0.810911	  0.258966	  0.229989	 77.252808	 48.752298	  1.033126	  0.104273	  0.325307	  2.197792	 16.841923	2438.630566	  1.021632	
  5.604959	 66.037324	 84.325947	  0.947813	  0.830786	  0.253210	  0.224213	 77.173637	 47.168918	  1.037880	  0.085523	  0.310910	  2.523115	 18.212433	1666.947307	  1.025687	
  5.751910	 76.410246	 84.522262	  0.900975	  0.798973	  0.254651	  0.227095	 77.160103	 47.503707	  1.026282	  0.095629	  0.290754	  2.321107	 17.987347	2532.575633	  1.025396	
  5.602316	 63.646986	 84.286575	  0.921631	  0.803932	  0.257530	  0.226586	 77.178854	 49.514809	  1.049728	  0.100016	  0.335791	  2.220037	 22.627334	1424.921598	  1.018156	
  5.782448	 74.177426	 84.332769	  0.913241	  0.800559	  0.252066	  0.224409	 77.328383	 51.815475	  0.946026	  0.102089	  0.254963	  2.294634	 18.064306	3121.882655	  1.021428	
  5.571914	 80.085860	 84.299240	  0.865087	  0.823424	  0.254838	  0.221161	 77.068668	 51.507948	  0.991469	  0.094918	  0.263606	  2.318081	 20.481589	770.662625	  1.022223	
  5.784225	 71.995841	 84.391145	  0.967201	  0.800956	  0.255475	  0.228909	 77.258436	 48.169255	  1.015177	  0.085992	  0.328002	  2.594796	 16.723706	1379.312334	  1.023687	
  5.790002	 70.007418	 84.413304	  0.913160	  0.833972	  0.253115	  0.225893	 77.183225	 50.980584	  1.006262	  0.096344	  0.264012	  2.270472	 14.367879	2733.688466	  1.023418	
  5.736949	 76.164932	 84.530415	  0.891751	  0.822137	  0.253266	  0.221152	 77.257094	 48.304468	  1.003701	  0.097281	  0.228223	  2.568268	 17.035694	3741.667101	  1.025379	
  5.639961	 68.297199	 84.507884	  0.904967	  0.815162	  0.247839	  0.223617	 77.223620	 50.074705	  0.979545	  0.089759	  0.231188	  2.375091	 18.513719	2151.480372	  1.022496	
  5.896699	 75.194416	 84.316345	  0.907472	  0.839777	  0.261185	  0.222082	 77.253498	 49.600723	  0.996774	  0.089239	  0.311834	  2.560407	 17.589931	2691.402077	  1.026362	
  5.795144	 67.878859	 84.462227	  0.888812	  0.837914	  0.255507	  0.230451	 77.083356	 50.604306	  0.960396	  0.087278	  0.321769	  2.807111	 15.891374	2191.553730	  1.024510	
  5.669157	 69.542773	 84.568915	  0.958334	  0.807927	  0.253342	  0.223738	 77.311527	 49.434285	  0.974485	  0.097900	  0.391454	  2.432008	 15.180133	1978.943550	  1.019705	
  5.891246	 75.508641	 84.283287	  0.923390	  0.806536	  0.257831	  0.222094	 77.169323	 47.940784	  1.060773	  0.086589	  0.334200	  2.161841	 16.889785	2018.933571	  1.022877	
  5.776862	 79.650226	 84.419280	  0.883317	  0.838397	  0.251624	  0.215754	 77.229454	 51.450280	  0.964777	  0.099084	  0.285709	  2.546506	 19.475020	2190.628370	  1.022378	
  5.836807	 69.942821	 84.420941	  0.957115	  0.802776	  0.262245	  0.217282	 77.305220	 49.049341	  1.028363	  0.102374	  0.248423	  2.406807	 22.527648	3257.433588	  1.023744	
  5.821310	 70.584791	 84.432298	  0.905634	  0.806774	  0.250760	  0.219735	 77.345411	 49.606777	  1.006362	  0.091637	  0.312265	  2.446758	 18.036937	3053.953356	  1.023359	
  5.650658	 77.054314	 84.359538	  0.850969	  0.826756	  0.257184	  0.219877	 77.311482	 52.230685	  1.045260	  0.096525	  0.306631	  2.373779	 12.863352	3171.232773	  1.018772	
  5.890929	 73.512617	 84.440180	  0.882095	  0.826078	  0.252122	  0.222687	 77.128283	 47.292029	  1.021420	  0.106222	  0.317316	  2.720619	 20.699161	3174.656038	  1.024366	
  5.826997	 62.334427	 84.532104	  0.863867	  0.832585	  0.245762	  0.223379	 77.190187	 50.389096	  0.969901	  0.097910	  0.337722	  2.697531	 13.092481	1428.056571	  1.024995	
  5.749825	 74.211068	 84.413734	  0.966374	  0.849679	  0.251564	  0.223850	 77.257483	 46.571648	  1.066154	  0.090198	  0.352495	  2.409730	 13.251601	2650.953482	  1.021956	
  5.599469	 74.012679	 84.537765	  0.874314	  0.812043	  0.253585	  0.226787	 77.142605	 50.876530	  0.968200	  0.102681	  0.355812	  2.336411	 17.981851	3845.020192	  1.025788	
  5.812794	 69.434746	 84.350686	  0.951183	  0.834175	  0.265537	  0.221210	 77.143142	 50.534807	  1.088124	  0.093935	  0.258671	  2.495518	 13.719698	778.107062	  1.028027	
  5.786313	 74.382576	 84.374041	  0.928414	  0.841149	  0.266373	  0.223513	 77.167009	 51.021363	  1.023131	  0.090373	  0.268377	  2.517564	 16.110888	2422.000955	  1.020318	
  5.851981	 71.234178	 84.545810	  0.850833	  0.810530	  0.252662	  0.224243	 77.205830	 48.217907	  0.974271	  0.092085	  0.331833	  1.975290	 18.707926	2519.630462	  1.024057	
  5.669389	 71.358847	 84.416142	  0.895441	  0.798107	  0.259032	  0.229685	 77.137333	 48.413867	  0.978440	  0.081597	  0.293502	  2.516024	 17.580043	1957.831838	  1.024519	
  5.882591	 79.300737	 84.525530	  0.970135	  0.815845	  0.257950	  0.218176	 77.185262	 46.391491	  1.030198	  0.085686	  0.284151	  2.231384	 20.893950	1534.560301	  1.023238	
  5.757428	 73.165765	 84.514063	  0.920587	  0.831811	  0.243451	  0.219045	 77.215575	 50.192788	  0.975969	  0.105685	  0.263814	  2.523100	 14.852509	1905.212387	  1.028191	
  5.736431	 73.123998	 84.373385	  0.914162	  0.825797	  0.253871	  0.217489	 77.349511	 51.732599	  0.998392	  0.086078	  0.351021	  2.301070	 17.033619	3064.481619	  1.023866	
  5.748133	 71.074735	 84.383452	  0.973289	  0.854824	  0.259095	  0.222119	 77.266372	 50.961875	  1.008123	  0.098367	  0.223479	  2.371133	 14.439108	2773.697814	  1.023607	
  5.810876	 72.954871	 84.485012	  0.925535	  0.818511	  0.257344	  0.217852	 76.971007	 47.413230	  1.020470	  0.099210	  0.254496	  2.402575	 21.487175	2464.380116	  1.024704	
  5.785445	 78.944344	 84.472536	  0.879789	  0.834557	  0.248075	  0.229804	 77.375431	 46.255364	  1.046335	  0.091253	  0.344673	  2.683466	 20.879948	2458.444749	  1.019561	
  5.749419	 78.721676	 84.331213	  0.898304	  0.840995	  0.256501	  0.224306	 77.081596	 47.128910	  1.012663	  0.100400	  0.312303	  2.548794	 17.615269	1487.605426	  1.023323	
  5.698713	 75.319140	 84.285210	  0.937484	  0.842977	  0.253079	  0.222062	 77.121268	 49.472525	  1.069376	  0.101310	  0.330359	  2.133295	 15.891501	2640.804162	  1.024162	
  5.741515	 66.513983	 84.535380	  0.866153	  0.852547	  0.257417	  0.225219	 77.008092	 47.366315	  1.047491	  0.091303	  0.380522	  2.501882	 17.260584	2045.449152	  1.019500	
  5.840916	 67.891359	 84.427975	  0.857050	  0.804900	  0.251142	  0.222178	 77.112467	 52.606072	  1.015715	  0.089529	  0.329662	  2.486917	 22.460777	2926.003737	  1.027454	
  5.690373	 73.817753	 84.335983	  0.852391	  0.818103	  0.251656	  0.224428	 77.208828	 50.696274	  1.016219	  0.083130	  0.275800	  2.301438	 21.257768	2872.553678	  1.025166	
  5.771985	 73.288838	 84.303900	  0.875356	  0.843805	  0.261513	  0.226856	 77.230999	 53.062376	  0.984149	  0.096162	  0.323352	  2.173494	 14.646823	3164.136753	  1.020493	
  5.683341	 63.843333	 84.278748	  0.903867	  0.804387	  0.263077	  0.215483	 77.264849	 50.576161	  1.033399	  0.087003	  0.324898	  2.463752	 21.774757	3357.653003	  1.025055	
  5.807612	 70.308739	 84.530421	  0.862749	  0.842405	  0.255135	  0.220772	 77.237360	 49.397229	  1.059477	  0.091501	  0.254570	  2.247163	 21.022520	2454.977262	  1.023295	
  5.677334	 73.020952	 84.306767	  0.965278	  0.831935	  0.247142	  0.221113	 77.171871	 49.599845	  0.967285	  0.089278	  0.286487	  2.375414	 17.108142	2992.916211	  1.026714	
  5.783667	 65.515612	 84.516531	  0.913788	  0.828106	  0.259668	  0.216226	 77.024615	 51.874336	  1.076090	  0.091132	  0.307608	  2.307242	 17.750080	3968.303301	  1.021476	
  5.873216	 70.950643	 84.486990	  0.894703	  0.836262	  0.258277	  0.220354	 77.103392	 50.026870	  1.016277	  0.089772	  0.299607	  2.282725	 15.068872	3736.541962	  1.024842	
  5.689451	 66.061156	 84.457171	  0.890877	  0.846741	  0.255741	  0.220187	 77.033452	 49.331346	  0.986474	  0.100414	  0.304449	  2.462915	 19.549932	1415.679420	  1.027034	
  5.805480	 73.608361	 84.474113	  0.968741	  0.825050	  0.262491	  0.221412	 77.193512	 46.659026	  1.047414	  0.087979	  0.259455	  2.508713	 15.639154	2617.871359	  1.023658	
  5.709130	 70.033285	 84.437411	  0.901371	  0.819519	  0.251035	  0.218235	 77.306136	 51.446875	  1.028683	  0.099085	  0.355938	  2.298743	 14.090133	3246.574122	  1.023555	
  5.725819	 73.986549	 84.413404	  0.902883	  0.835467	  0.259411	  0.221866	 77.186915	 51.180894	  1.027299	  0.089293	  0.326687	  2.685334	 21.297163	2468.580955	  1.019486	
  5.742262	 72.878777	 84.357353	  0.942832	  0.815195	  0.257098	  0.220546	 77.394839	 48.579593	  1.085335	  0.099331	  0.388433	  2.239799	 13.586115	1990.717222	  1.022224	
  5.829238	 74.930309	 84.569196	  0.930433	  0.796087	  0.255027	  0.216147	 76.975382	 48.087365	  1.099647	  0.099022	  0.240157	  2.702127	 18.072398	2858.198043	  1.024239	
  5.834604	 74.979063	 84.486811	  0.922954	  0.832361	  0.248420	  0.222000	 77.178885	 47.269407	  0.996938	  0.085583	  0.335858	  2.340332	 21.394753	1949.231732	  1.026228	
  5.891931	 77.708292	 84.445875	  0.924800	  0.824787	  0.255325	  0.216836	 77.122842	 47.541452	  1.068722	  0.094793	  0.291561	  2.116333	 14.779614	3427.712966	  1.028618	
  5.843101	 76.557974	 84.367831	  0.908048	  0.824744	  0.260670	  0.223525	 77.222003	 48.964085	  1.031271	  0.095706	  0.285255	  2.541327	 14.276818	1142.869592	  1.023614	
  5.803850	 76.397967	 84.472745	  0.907221	  0.803251	  0.260938	  0.224264	 77.180410	 50.924955	  1.035396	  0.092811	  0.237510	  2.697133	 18.808388	2825.206322	  1.023421	
  5.813015	 73.726975	 84.416006	  0.951874	  0.838395	  0.266816	  0.224677	 77.441595	 46.685264	  1.056556	  0.101011	  0.291646	  2.266047	 16.280040	2264.795968	  1.024142	
  5.939932	 76.069401	 84.397802	  0.933735	  0.810008	  0.248189	  0.223585	 77.260420	 52.165426	  0.964571	  0.083854	  0.224786	  2.394739	 14.651357	2794.343470	  1.021706	
  5.737754	 71.612492	 84.425977	  0.893794	  0.819236	  0.264734	  0.225119	 77.173510	 46.040957	  0.978896	  0.086129	  0.340400	  2.309081	 21.245820	1207.781534	  1.023046	
  5.701433	 74.459582	 84.491292	  0.946705	  0.804151	  0.261774	  0.226562	 77.194908	 46.860782	  0.978640	  0.103300	  0.249842	  2.564700	 19.152457	1830.160975	  1.023762	
  5.795746	 67.117037	 84.426960	  0.924047	  0.851683	  0.267972	  0.222990	 77.321731	 47.313438	  1.069965	  0.086318	  0.306582	  2.605582	 20.338396	2818.602926	  1.023178	
  5.795483	 69.565218	 84.498440	  0.923543	  0.838728	  0.251993	  0.227200	 77.270771	 50.831027	  1.005827	  0.096633	  0.203833	  2.393181	 18.693711	1682.836153	  1.028010	
  5.707986	 72.742926	 84.491145	  0.866580	  0.824962	  0.266089	  0.221939	 77.200639	 47.695256	  0.990290	  0.089970	  0.300105	  2.457845	 22.052544	2513.507384	  1.018991	
  5.715109	 73.649117	 84.461988	  0.844163	  0.857757	  0.256956	  0.218072	 77.021290	 50.463187	  1.048045	  0.099584	  0.308467	  2.606708	 15.978145	1006.807330	  1.021718	
  5.646504	 67.647162	 84.456331	  0.923236	  0.834518	  0.249785	  0.221038	 77.320031	 45.202514	  0.983469	  0.096447	  0.300626	  2.421014	 17.089520	3369.960959	  1.019205	
  5.855246	 69.724712	 84.402120	  0.911830	  0.835048	  0.258350	  0.220350	 77.051525	 45.440289	  1.061967	  0.091363	  0.255431	  2.485075	 13.644940	2421.121309	  1.023183	
  5.763926	 69.850131	 84.479607	  0.935186	  0.836804	  0.255278	  0.224631	 77.181113	 49.320762	  1.013161	  0.100931	  0.356917	  2.567072	 17.779858	3003.174768	  1.019698	
  5.634952	 78.041151	 84.437934	  0.938934	  0.797657	  0.262744	  0.224120	 77.150740	 50.756458	  1.006917	  0.093323	  0.261343	  2.330646	 16.424376	2234.664091	  1.022493	
  5.869600	 77.445741	 84.356775	  0.874142	  0.806590	  0.258818	  0.216533	 77.038567	 46.729351	  1.018405	  0.097416	  0.287459	  2.003764	 14.895829	3528.723062	  1.025789	
  5.736852	 71.435452	 84.580350	  0.963407	  0.849581	  0.248813	  0.222953	 77.113950	 49.295232	  1.009450	  0.100227	  0.325639	  2.190468	 17.898572	1264.345032	  1.024778	
  5.720252	 74.597285	 84.506333	  0.894545	  0.832801	  0.258997	  0.226641	 77.273377	 49.922272	  1.019952	  0.099475	  0.254902	  2.744875	 17.676130	3336.814236	  1.020941	
  5.815141	 79.513017	 84.459338	  0.932621	  0.832683	  0.252068	  0.228464	 77.126983	 50.135585	  0.981996	  0.087457	  0.308072	  2.272152	 19.198778	1741.793992	  1.023745	
  5.618834	 68.184114	 84.445123	  0.953991	  0.821305	  0.254938	  0.222497	 77.301630	 50.751385	  1.055372	  0.084048	  0.311997	  2.223284	 18.458878	1859.110380	  1.027640	
  5.558075	 62.351267	 84.439955	  0.888630	  0.825218	  0.258329	  0.225907	 77.185592	 50.416059	  1.085675	  0.099405	  0.319693	  2.545703	 14.807015	1931.861357	  1.020766	
  5.671761	 68.583991	 84.451594	  0.924128	  0.838475	  0.259803	  0.223564	 77.222692	 46.213486	  0.992702	  0.094295	  0.295550	  2.375759	 22.787043	2365.794148	  1.022355	
  5.782991	 81.606216	 84.365108	  0.953865	  0.844806	  0.266543	  0.218064	 77.345215	 48.088845	  0.999726	  0.091860	  0.256449	  2.514188	 18.075372	1780.019361	  1.024314	
  5.669580	 71.466608	 84.383081	  0.941024	  0.798898	  0.250181	  0.220160	 77.230362	 49.132483	  0.999129	  0.083485	  0.250100	  2.156736	 18.015568	3170.606908	  1.022087	
  5.763070	 69.724993	 84.342775	  0.975846	  0.830414	  0.249188	  0.224703	 77.174747	 47.575093	  0.983722	  0.104212	  0.310717	  2.374097	 19.212351	2306.037621	  1.019927	
  5.665180	 72.856391	 84.283761	  0.938723	  0.840360	  0.265719	  0.221838	 77.204889	 51.390817	  0.972884	  0.090886	  0.245042	  2.291169	 22.098909	3094.701177	  1.028168	
  5.822346	 79.786427	 84.540667	  0.860952	  0.834786	  0.257824	  0.221256	 77.338878	 48.779799	  1.011256	  0.085888	  0.256079	  2.531015	 15.878019	2177.143367	  1.019364	
  5.709335	 67.042880	 84.412469	  0.936738	  0.849502	  0.262293	  0.215637	 77.090046	 51.542576	  1.028989	  0.094774	  0.341708	  2.596959	 14.270465	3903.942241	  1.025825	
  5.717958	 81.219549	 84.446039	  0.923898	  0.831462	  0.261373	  0.217832	 77.157831	 49.310618	  0.968590	  0.083811	  0.225530	  2.796763	 21.856310	2911.803176	  1.023152	
  5.827933	 71.617739	 84.392063	  0.868474	  0.829399	  0.245663	  0.220574	 77.246141	 51.849875	  1.030615	  0.089485	  0.344388	  2.037540	 19.122089	2426.162323	  1.021158	
  5.605475	 67.736556	 84.342708	  0.871470	  0.825682	  0.265201	  0.216479	 77.394821	 48.485049	  0.980727	  0.088012	  0.356843	  2.721241	 23.662678	1804.780471	  1.021065	
  5.650608	 75.609202	 84.514592	  0.923019	  0.845724	  0.258766	  0.221959	 77.262802	 46.756935	  1.029063	  0.093844	  0.342874	  2.156004	 14.267285	3025.986967	  1.019461	
  5.861671	 76.891618	 84.315626	  0.958198	  0.790625	  0.251548	  0.225071	 77.383977	 50.855832	  1.085275	  0.095995	  0.333656	  2.375035	 19.506576	2563.180812	  1.022378	
  5.823220	 73.070050	 84.346697	  0.874772	  0.815790	  0.255965	  0.222164	 77.216632	 49.766940	  0.985623	  0.102721	  0.336165	  2.343471	 18.660219	3002.999915	  1.019750	
  5.853597	 79.204634	 84.509377	  0.911783	  0.815168	  0.247310	  0.223495	 77.427268	 52.340681	  0.965389	  0.095077	  0.297056	  2.748072	 21.259144	3922.007521	  1.024246	
  5.692705	 72.847510	 84.305542	  0.920089	  0.844020	  0.261327	  0.223813	 77.213813	 48.769565	  1.010724	  0.084074	  0.363901	  2.658021	 18.396802	2362.578476	  1.022542	
  5.767695	 75.969923	 84.425213	  0.879850	  0.830552	  0.260638	  0.220539	 77.008844	 47.954988	  1.015463	  0.091796	  0.362809	  2.805508	 15.479321	2370.860037	  1.022837	
  5.611067	 70.731007	 84.557086	  0.916055	  0.814561	  0.249740	  0.222979	 77.317906	 49.026639	  1.040804	  0.089343	  0.345394	  2.267833	 16.365308	1579.394914	  1.023681	
  5.783194	 75.233509	 84.494422	  0.905886	  0.829752	  0.249580	  0.219638	 77.119042	 47.656812	  0.997151	  0.091470	  0.258918	  2.185762	 19.395259	3017.151317	  1.024956	
  5.769046	 77.715284	 84.484717	  0.903125	  0.818963	  0.266077	  0.227964	 77.261217	 52.860492	  0.984697	  0.085658	  0.346234	  2.273007	 19.024173	2670.637864	  1.021516	
  5.861726	 80.565882	 84.454244	  0.931396	  0.829285	  0.263512	  0.229666	 77.033281	 49.735539	  1.040416	  0.099290	  0.273697	  2.117207	 20.779878	1903.562089	  1.020549	
  5.799483	 75.890865	 84.399603	  0.935251	  0.811187	  0.252199	  0.221911	 76.992964	 47.761310	  1.014397	  0.089973	  0.282641	  2.464235	 17.510804	786.569004	  1.022155	
  5.647438	 72.654686	 84.467697	  0.900413	  0.803472	  0.244697	  0.226679	 77.234662	 45.594083	  1.013978	  0.097821	  0.336015	  2.320294	 21.045167	2290.572605	  1.026712	
  5.810910	 75.775472	 84.517032	  0.847298	  0.826341	  0.256524	  0.222835	 77.166831	 49.723567	  1.041013	  0.097231	  0.329341	  2.310830	 14.028977	3804.291556	  1.022788	
  5.717809	 72.683044	 84.322656	  0.892186	  0.829265	  0.254363	  0.217755	 77.205435	 49.863422	  0.979571	  0.092104	  0.297987	  2.229391	 13.888396	3859.377258	  1.021578	
  5.768784	 79.063150	 84.411640	  0.927669	  0.841045	  0.261183	  0.221702	 77.199519	 51.084198	  1.042905	  0.097621	  0.371668	  2.371913	 15.132407	3494.775299	  1.024625	
  5.733561	 74.322928	 84.334288	  0.907713	  0.801053	  0.262066	  0.218114	 77.403741	 53.064992	  1.065918	  0.093423	  0.218966	  2.326374	 15.559752	2585.010275	  1.020487	
  5.868052	 76.853702	 84.489430	  0.919170	  0.811959	  0.256650	  0.216407	 77.219128	 51.813034	  0.988754	  0.101754	  0.302814	  2.753665	 18.899882	3433.909308	  1.020983	
  5.726754	 72.109523	 84.347740	  0.924474	  0.841043	  0.248667	  0.224279	 77.198040	 50.560936	  1.007574	  0.096004	  0.266518	  2.379577	 15.780876	3172.422507	  1.026134	
  5.824502	 74.253148	 84.504197	  0.898487	  0.799112	  0.247331	  0.218225	 77.191874	 51.443524	  1.013780	  0.095957	  0.361113	  2.154146	 17.989118	2834.116362	  1.021905	
  5.618266	 74.291836	 84.433409	  0.901733	  0.816261	  0.253731	  0.227505	 77.093636	 50.068655	  1.045506	  0.085631	  0.287172	  2.394812	 20.909901	1377.523557	  1.027293	
  5.700271	 73.455085	 84.443926	  0.871899	  0.817212	  0.257400	  0.217581	 77.296492	 49.208278	  1.067119	  0.101993	  0.305896	  2.354930	 15.677805	3174.156588	  1.024790	
  5.766400	 71.775687	 84.384108	  0.963429	  0.838750	  0.264199	  0.227567	 77.136062	 50.480572	  1.037094	  0.094793	  0.225092	  2.396079	 19.554557	2701.439966	  1.024902	
  5.756414	 70.172172	 84.359016	  0.962583	  0.825150	  0.250290	  0.224508	 77.085077	 46.523867	  1.036361	  0.093885	  0.349309	  2.134283	 20.451350	3358.805359	  1.020553	
  5.686840	 73.287697	 84.359367	  0.889673	  0.842630	  0.253111	  0.224602	 77.250524	 49.408020	  0.998850	  0.093199	  0.274230	  2.576652	 15.148236	1627.656163	  1.021209	
  5.796945	 69.108097	 84.441713	  0.900400	  0.813912	  0.254960	  0.223029	 77.194982	 51.728877	  0.943680	  0.097122	  0.234174	  2.754359	 19.466723	2828.585482	  1.021226	
  5.768551	 65.784180	 84.482318	  0.962954	  0.832896	  0.246755	  0.217068	 77.130518	 46.422785	  1.026025	  0.081420	  0.248956	  2.500898	 14.488673	3815.953009	  1.021920	
