2.99036161129029	2.02251169097909	0.972546276376846	0.432286299472218	0.0335458096481876	1287.21992351136	11634.6468042556	36.7284047647909	-74.4148611120324	48.7609311240982	-6.51956600418674	0.931408415886153	16549.5779987208
2.91409113658505	1.99527039666971	0.971652028583764	0.447855087308526	0.0455870559166563	1285.40705612410	10503.5730736268	34.2106777182498	-74.5152812915069	45.6676552104232	-7.48719659083563	0.908051936897107	17296.5436577627
2.99464701925377	2.00395614309675	0.947750210591253	0.434635226821309	0.0463528539398727	1273.30151984563	11411.9348095997	30.8613987979160	-74.5791082759645	46.2619540325031	-8.66669522775651	0.965733194317424	17012.2492188207
2.77537067753382	1.96462338224253	0.985080760343389	0.450577600164900	0.0360609506254536	1271.81935274425	10919.1663235053	28.6333817098177	-74.8378308453959	47.3531278653576	-7.13058190063341	1.00068791559542	15920.6369531249
3.02935555542002	1.85624920709356	0.957852196324813	0.454040433126651	0.0540424571181889	1276.28558208088	11091.5361785722	23.9874198433225	-73.6826942123471	47.2594385764680	-6.36481625976020	0.913594078530156	17199.8076819323
2.95774701645661	2.02753438160774	0.957982207881213	0.439328548081637	0.0292285703400248	1281.40111061856	11063.5560643670	33.7144836022800	-73.9341490255705	46.9934415508740	-5.97281957175226	0.857886707606315	17161.3666147991
3.13643382627036	1.93618919472773	0.956233262580253	0.451386244649708	0.0630339178559883	1287.30591350097	11357.1958691956	32.4565991542066	-74.1873228831313	49.3722694828866	-5.65820381607134	0.898085505467768	16318.1817231095
2.93708017583029	2.04241827153543	0.954319172902157	0.463896221766056	0.00787176891286292	1281.41830341971	11334.7301597099	29.1355190877394	-73.9611537735370	47.2075479332785	-6.79158872091476	0.942514993940735	16300.3048427408
2.89647119557371	1.99727744197436	0.956744844545291	0.435915253878705	0.0364844343830806	1285.09455732468	10642.1650999667	28.2534521517368	-74.5885245064244	50.7193291326105	-7.03418301034737	0.966346279071123	16955.8125825101
3.10905921609225	1.91775627671908	0.980523323642821	0.472827837288380	0.0609157863317520	1280.61024829992	10765.3700849737	27.2357346220404	-74.2879448406440	51.9275024312710	-7.34131958990000	0.987252852813499	16389.9953614754
3.04154037393953	2.02118400410905	0.986779494579562	0.448160371112433	0.0339774965034122	1289.59659313041	10985.8177903831	32.2906870563956	-74.7987148229561	48.1748634532098	-7.59127003074132	0.905745734746320	16397.9653846377
3.03727405412617	2.07729858213096	0.952631692846339	0.455847787421159	0.0392288444549135	1276.13504622091	10526.5049000652	23.2890839066807	-74.6949814728535	48.2046965571553	-6.20487334446339	0.945520969106942	16061.6504768675
3.00979874458450	1.98681508346464	0.980864898248159	0.440119517439504	0.0465885548458463	1277.59334228653	11016.8382390663	33.1999095972504	-73.8737934769967	48.4984734957622	-6.77126177402631	0.886765280274452	18179.9863665640
3.10506029876750	1.94635645833144	0.980547725957932	0.452632288036371	0.0401016009786032	1292.43738308101	11347.7488086516	33.7131754956543	-75.2965859920193	48.8047698083674	-6.59812600791553	0.842543244026194	18007.6024993418
2.77628042326359	1.96538020436678	0.944994245270723	0.432258431211044	0.0259644580758865	1284.53418077604	11019.9314819459	35.9750039436967	-74.9332304154924	49.1055372533897	-6.36059786806580	0.879297020220618	16800.0702644740
3.23332481997918	1.94083950089058	0.987096778211459	0.459875620826743	0.0293640386828234	1280.46163383463	11131.6593106032	32.3502633451146	-74.7413255502037	50.7304001077381	-7.55537138936751	0.884237630959702	17891.1782998170
3.07176005561203	1.87796563912990	0.993086123838918	0.455073089066045	0.0307348605034660	1275.83953957237	10675.4824830574	36.4200506470388	-74.6451028624830	45.3703876889784	-6.75324278485271	0.978042917965326	15859.4907044202
2.95186718619290	2.08567401622385	0.989229702341512	0.420965475381841	0.0199923616825206	1278.31111256467	10881.9456957940	36.3283069356052	-74.9232314851639	51.1599726953882	-7.28101579636518	0.918949620979228	17854.6646457814
2.90473633649168	2.04039889816062	0.994369540289008	0.468550522910726	0.0156301278608144	1274.11889170014	10567.5537176244	27.2227944168609	-73.5985777501266	53.4432569669916	-5.52987325627832	0.942270319809247	17257.5622016632
2.86647563214670	2.00009736480835	0.967681246195400	0.490922627071859	0.0176322602641961	1279.36295750286	11544.9544315386	30.9345454634484	-75.2464515028806	45.4061088159626	-6.73255064348353	0.881776136897007	16027.6907670321
2.96070443364805	2.07937210117275	0.958179839478311	0.469664942853849	0.0308868292414769	1275.69678037626	10768.7671722803	27.9779706612087	-74.0316483672691	46.2583971253892	-6.17408534309777	0.885100057912810	17733.6733313492
2.79112838216497	2.00468427042639	0.980035481919966	0.457619061101447	0.0223442022458562	1288.74873129320	10743.0784207892	37.2163141523000	-74.3065320835507	48.4657589002477	-8.54853859065732	0.882773286317028	16633.4076815225
3.13817824180285	1.95651935858868	0.961575513313185	0.483656146632900	0.0481622648742385	1278.28307878065	11310.4930964911	32.4119744906063	-75.1267474478847	44.3456876144603	-6.43827885488345	0.958704471572704	16460.9037676644
3.04003135407414	1.86315350335246	0.939716893711593	0.491548654982393	0.0502070713973121	1284.73653548977	11091.2818193096	29.9578230133131	-74.4250035392136	44.4335399443744	-7.61272993010459	0.909223056207440	17385.5109991599
3.07854096433068	1.84031464759813	0.949865239318057	0.486559110831027	0.0324336084993227	1292.10156278912	10921.3028661104	35.9101102574264	-74.1725567237908	49.3859992218108	-7.63430596396362	0.951327882987830	16312.0632774870
2.79718249145231	1.93920061150264	0.947611715516911	0.454684873576623	0.0648019864081147	1303.67412405557	11117.7662353266	33.2615542822154	-74.8597135790158	43.3384139220959	-7.17168736578973	0.975930896892462	16258.7946546004
3.13556570469995	1.96156675934248	0.988115642443365	0.442918509643821	0.0425872589182532	1288.37966821801	11212.0286571424	28.3266949605748	-74.2902164881508	51.6028013915146	-6.92853716612491	0.855110458573239	16557.0997229020
3.06738749876177	1.91800026993143	0.971009300627362	0.445042676745418	0.0289412466469258	1298.56091621840	10897.6456900919	27.3463424093197	-75.4549323452338	46.5966053745746	-6.05206761378938	0.884856982735404	16372.0544683798
2.89545430772082	2.04639423596569	0.957712940424471	0.452822280662189	0.0687277994740053	1295.69214092231	10582.7151529201	34.1657403510529	-74.5400201331797	46.0854016220410	-7.45896056322731	0.861382588980917	16650.8581858177
3.00992778533084	1.95754695229282	0.993310717696654	0.483607535529790	0.0190978533657429	1282.65372413370	10886.9871304316	28.3897092490913	-74.7741084963849	45.0289452549414	-7.24861165961946	0.923815987213866	16187.8028158550
2.91988531659736	1.99248981921833	0.958338637738539	0.484290701522625	0.0324573885701451	1283.83337361456	10815.1171988573	32.4542252019747	-75.0458818793488	50.4605813833703	-5.41150399802597	0.966266079483884	16394.8245186761
3.15486601714335	1.95897024146941	0.954916640486406	0.427306827867200	0.0594879107194942	1273.69073841453	10321.5532889912	27.1519730780621	-75.3791157368054	51.7375154585483	-5.55887750445404	0.913266395974345	16513.0577585049
2.93425088131677	1.99527430120826	0.944344454606096	0.462771856631410	0.0509573720992552	1274.11500072603	10929.6041978768	33.5274766061096	-75.0050645448489	45.0282919719884	-6.36971239814404	0.969019990666075	15712.4239930256
2.94927102484168	1.94363342423028	0.952745505402528	0.466036746487914	0.0190786839206010	1292.47612738746	11162.7517288002	34.3908857181880	-74.4374657083658	46.9713340149379	-6.79383143478802	0.913147293471207	17310.3255486437
2.86825938554865	2.08476997405947	0.958169998858661	0.447734527526422	0.0353825544613194	1282.52687657228	11675.2729423131	33.9623995026649	-74.7546366513259	46.6752325350206	-7.65822469760040	0.890974941992125	15855.7206833748
3.03743955794342	1.96572792606644	0.976342034352205	0.492147428826444	0.0589653758486825	1274.85952814418	11185.8954866529	31.5960556707230	-75.5043697156668	50.8814758716598	-7.06157343201157	0.880656372750910	16959.5300310493
2.96909983161132	1.97969541119284	0.961048455216920	0.439676823647558	0.0492668894295622	1283.34174700064	11361.9065708845	30.5114950163760	-74.3389038873130	47.0420174371827	-8.08138357820847	0.933604016518466	17438.3205900820
2.90940196315984	1.89372056997375	0.972743299986718	0.449279552649151	0.00740654135241972	1283.57494381749	10885.5434227172	26.0162644219201	-74.2924188770309	48.7781026789285	-7.71332415688201	0.958521288694965	15658.4246418723
2.87513346437233	1.92759598918288	0.940642157733616	0.419342652798910	0.0490306646669394	1285.80221307004	11033.4703190225	30.0614850419464	-74.6527006197100	49.1643700492035	-7.89017033053670	0.943478456408274	17310.2276166044
3.02248723786162	2.04098334107449	0.943401551176996	0.461730346845514	0.0413817860771935	1294.39811190980	10754.6619430217	37.0749751671059	-75.3521956520340	45.7902719118879	-7.26400664803690	0.951178978126474	17268.1633138683
3.05466725081833	2.07920308862729	0.955196474190847	0.469209720004070	0.0485210384328793	1285.67798339159	10749.7276008713	37.2807352282365	-74.1572672603467	50.1501191082082	-7.54837283106041	0.911169358636939	16927.4124612440
3.27017815549099	1.86860958802788	0.936833765773030	0.466466302272012	0.0701601892698580	1276.20482443931	11141.7082630091	39.2729980853149	-74.3291274365921	48.5493362377866	-6.73752451846703	0.906731811662007	16560.8047368081
2.88515742094256	1.93582667905533	0.963530704570586	0.475097159273281	0.0662992460084989	1286.76182586273	10675.8746553402	37.5722249940314	-74.4953099961374	49.4430169058961	-6.36430675656626	0.922271192917112	17930.6414790245
3.07158308066344	2.02092064394022	0.939668731694405	0.431423126309397	0.0378302325723741	1294.50344651429	11143.0887239152	28.8254243870422	-74.7287824716678	46.0826773469618	-8.58839200348663	0.939597431373923	16331.7304328467
2.92499080997811	1.96726815871463	0.962981784462413	0.451954618245339	0.0245613005372701	1283.83051688565	11298.2373715022	30.9224279557467	-75.0371871979489	44.5629603502843	-7.85110087465629	0.908743196174040	17082.6803498288
3.00706470574981	1.96849427785602	0.970388810167205	0.430710075187341	0.0171568981896117	1284.53067931343	10555.1005009011	30.4926471430746	-75.0378454523647	44.3694292417839	-8.27780269492302	0.992320269470600	15875.3523352414
2.85651919235739	1.92683970683759	0.990706284392875	0.460212295831341	0.0215320306477261	1271.24544260895	10893.0595369211	31.6635432937698	-74.0807392447403	48.1849518069951	-6.87136748924602	0.910570024081302	16309.4649154496
2.98586690780769	1.98384691695520	0.985895499917720	0.450002774758259	0.0236199433554425	1287.34203157358	10696.1306061583	30.0346553367595	-73.5971671278292	48.1543409832047	-7.33485267234080	0.914554269261042	17257.0579128227
3.26776883953715	1.87449020728252	0.958911706960922	0.460515118817559	0.0537336910352011	1277.27175630448	11151.9744801665	24.6642383455372	-74.1106498851997	52.5331271137100	-8.15585581394107	0.916720459229123	17113.1473527273
2.87109970321281	1.99917226094477	0.978774617352024	0.442713668423711	0.0516024789773084	1294.41972980415	10821.5708614881	23.5571657861293	-74.6546597267204	49.3855756438365	-7.16606666352883	0.974484153329293	16960.3102159304
2.92345577129834	2.07693078294107	0.956113140706774	0.498120832247822	0.0449971733082131	1285.94312794632	11231.6652086130	28.6511914862627	-74.2823307258017	45.1716215358485	-7.09469431131394	0.935670882722154	17416.3713150988
3.04594175147435	2.01208833306406	0.961535218713699	0.457757341506751	0.0600048708062372	1292.53745479180	11166.4688157867	27.7837524407305	-74.5797072992666	45.7489175254919	-7.42462587802215	0.917303766058732	15769.9982019895
2.91653089634821	2.00080441937778	0.978215050999573	0.436173998115633	0.0251289185011131	1293.98881061635	11736.3740917573	30.4119289430027	-74.3216241086311	47.7758873342597	-7.41431588698371	0.912781391026324	15397.9065676661
2.84803995468012	2.07570213820135	0.941734281138642	0.477278118229104	0.0394015944913533	1271.81168543137	10378.8576531056	31.5542131283997	-74.2678673274938	44.4402980145024	-6.81201447434297	0.956482686952203	16196.0524983472
2.92813376662359	2.04515183947229	0.946328936388534	0.476778719827315	0.0198512469005542	1274.46825974416	10897.8093228966	31.6346097085877	-74.2460923623675	46.8373973725506	-7.02042766396009	0.961282062020005	16185.5838766889
2.89859398959221	1.92713912841078	0.961356086510313	0.463146925548440	0.00524515434141048	1282.01837204346	11173.7224317589	39.5106260762499	-75.1615295087293	47.3422154144330	-7.00521957580590	0.960934890948278	17818.1352185999
2.92288761508429	2.10813822002900	0.960723372296466	0.480623302771648	0.0496042514958319	1287.35958859718	11320.2660587868	29.2213496493430	-74.4364204205109	52.5303557053930	-8.19588773642168	0.980026230192884	15350.1309859797
2.90896004053576	2.01757043966491	0.983980826782881	0.482511304960455	0.0565531953840647	1286.64801411541	10522.3192737478	33.8127779215014	-74.7343823676285	44.5326018931198	-6.72220563670409	0.923528460109010	16209.7645450645
3.19670998817415	2.09651164503505	0.943298082537232	0.420911168241208	0.0294326047109896	1274.94950585391	10802.5508621595	33.1485603360009	-74.4074062645450	47.3127991281564	-6.86289216512792	0.852764216000065	17366.6771881488
2.97710572393900	2.00599167869019	0.959149173545981	0.473342661970367	0.0264619555746159	1295.98731276891	10958.3632305635	29.6146848897245	-75.3309976662487	44.3440153799346	-7.42169173794596	0.954843962643345	16817.5385340928
3.20316771769448	1.95197560673471	0.988719926378348	0.442813391669176	0.0535671655444427	1287.22567380804	10685.8457601225	27.3622551754352	-74.5781254955364	47.1328625849418	-6.30733677398266	0.986715717877115	15634.0547793948
3.06858395071153	1.94221299056063	0.972186933765097	0.467372804656684	0.0332745611304869	1285.77300712443	11021.3214331164	28.2932607370925	-74.9129954788113	42.9222107569641	-7.87923959449084	0.921825423322557	17260.5028849158
3.06196991192785	1.96296382725716	0.954163032848905	0.455111271252181	0.0594475489363050	1286.35159030372	11106.1702359546	32.1762974010353	-74.6905999466134	52.0509807974677	-7.46069549555780	0.952521672709670	17780.2429397269
2.92211382065748	1.94255641363782	0.948536482609215	0.458141329728494	0.0505996317802012	1284.10192463993	10901.4844721981	26.8564205892221	-74.1431729484378	47.8701416549475	-7.74346225600252	0.921560899491759	15281.2194853080
2.82800252800241	1.92809452773733	0.977570798592136	0.449841936965154	0.0173549985052440	1289.12624860280	11446.4298978061	30.7935335702325	-74.6070544144840	44.8548049327249	-6.87587838838007	0.914907345893879	15449.8675826396
3.08408536880929	1.91817523866074	0.953419993370457	0.436249361175323	0.0358596960190588	1301.29928315057	11275.3774223078	35.4513767012043	-74.1797777945467	45.5088956439133	-7.61376058435086	0.864652902918302	16173.3530694991
3.12054598389373	1.95100678194851	0.956498959205541	0.426779214278220	0.0527454970355970	1295.18854314763	11058.4247850326	25.6409957149255	-74.1360335079960	49.8942932745981	-8.29593018594567	0.895731643915413	15601.8438725366
3.09312179751956	2.02254778864198	0.926296293969031	0.454869302265499	0.0293981047593069	1296.27377557112	11066.5479004892	39.3098814077358	-74.0691079625458	48.8307217004129	-6.69458112180381	0.907659905761160	15724.7866044182
3.17767011769840	1.97124626364109	0.962081555194294	0.454866313521475	0.0248597626693327	1282.66688275236	11162.7591623367	25.8475054079280	-74.6454787277516	46.0177634388432	-6.75118702596146	0.852512956046200	16471.4644253300
2.94080831939779	1.94476431667050	0.929153525765031	0.425883982919202	0.0187491031097109	1294.30931029349	11022.4861026230	33.3069854915487	-74.4018355458061	46.1760809499317	-7.62906962419118	0.901695729783950	16388.3115961893
3.15248176398633	2.05451676281769	0.948713532047133	0.454648731528313	0.0371755857850462	1280.40389708328	11380.2596717217	34.7185365943885	-74.8662068289396	41.8295482780990	-6.27857631837136	0.867394365002442	17696.7467247276
3.00597627848770	1.93906372070222	0.945960412884599	0.456180472117546	0.0287203830175923	1304.33966687308	10870.6830302137	27.3288310237507	-75.1427034179555	49.9865983207425	-6.17108946879553	0.888591669710015	16129.1361303420
3.22084103260885	1.99201131528938	0.964089280510647	0.436937486179827	0.0568593517970460	1292.52327119897	10950.8209240650	38.1123225119333	-74.5293206461180	48.8322792973067	-7.23436433632871	0.906753608728389	15396.4661279037
3.22798223489247	2.08736678931794	0.985725412609835	0.455634551469296	0.0507541030120784	1275.91902914786	10608.3171487470	29.7014763524455	-74.6366046935970	45.8751163123008	-6.66487393270303	0.961745403664089	17365.0869769537
3.04071864218556	2.01486446491580	0.958705382428702	0.446533186701994	0.0541025401076499	1290.98684124350	11348.7364159465	29.3485417461675	-74.0525501591930	47.3845229696643	-7.06137804318603	0.878788819273486	16276.4654226593
2.94014813171164	1.98506067476562	0.997624255093335	0.438519868029986	0.0320540275200936	1272.30275126128	11233.3837453861	26.9029588077096	-74.4985415626707	46.4548740279360	-6.73548324086365	0.977222706593661	16818.5291246304
2.97729341855301	1.88716122611938	0.973575897776367	0.473538264468593	0.0711069874699568	1296.78791730237	10712.5795884813	25.0347058420593	-74.8852023348673	43.1201754604417	-7.34464486104332	0.943146682783113	16329.8556731864
3.14273938901737	1.97990729741141	0.964222616591969	0.482654303452820	0.0157512113219172	1269.53696470624	10756.8088292838	24.8097621305356	-74.4240971540759	47.1774678901638	-6.72303935661593	0.932891559467231	17514.1727800949
2.84381863171055	2.09740250269538	0.965495522971613	0.470124025585140	0.0219843487595608	1296.64956730914	10965.7232016416	34.1530877312801	-75.0324182463433	50.0414400122898	-7.08947906357093	0.928584755272517	17194.1005538391
2.72621770533445	2.00548724451217	0.940148603959755	0.425532114701190	0.0265018436928162	1296.28353528861	10820.4795623509	30.8222297320842	-74.5905636070944	49.0537369355677	-7.65619967544385	0.904563229550691	16506.7332225345
3.07473746796383	1.94550778561724	0.989208342817131	0.426903824596951	0.0207547444123240	1286.91059864514	11019.3922372990	26.7283354131274	-74.2201723584664	45.6254779379564	-7.11044650681733	0.905945374150167	16847.0349410667
2.95287431555979	1.89575046717875	0.959727734077859	0.435585059235734	0.0274347325215217	1279.47896689212	11292.7097774062	25.5255615043858	-74.7106545094267	44.2641778984935	-5.78303153814206	0.937988609083946	17722.3968498186
2.88651910094334	2.11389773412724	0.958281141410071	0.417849112052388	0.0769796053994057	1289.81158750646	10346.4567839927	29.2529841153655	-74.2780375615085	47.2937626930711	-6.78937803667220	0.931497185133271	16418.2793382737
3.25086965850686	1.90022105641867	0.987890618934575	0.433619698098596	0.0189067583331996	1304.66702635282	11629.3102916124	34.4146674607741	-74.2158926111034	49.4329977072678	-7.96355830873436	0.919190114338457	17066.4003940381
3.00808727405036	1.88468590729567	0.960534295028676	0.456499589320496	0.0561557751677078	1276.04243810176	10660.2085543176	34.5306781214420	-74.4650348923180	51.6277583991708	-6.37503389041440	0.943695959104900	16484.5272843272
2.93742717232878	1.93807989226038	0.976627512423052	0.447075205190743	0.0259609350681584	1287.23073444484	10544.6220267224	26.0217932922357	-74.0406411945992	49.6337037934907	-7.38375854161366	0.854996449912382	17484.2387655937
3.04361941439961	2.04604736570460	0.934697289408114	0.470838808329109	0.0187960991342336	1300.84435620976	10484.8740809817	35.6069968780183	-74.8766397017306	48.7540653958793	-6.76220141979723	0.940965825500216	16540.4542297833
2.89345815039645	1.98098357706437	0.961543010547134	0.453809560198354	0.0542418335089937	1286.67064383433	10981.4973978712	32.8828832932101	-74.3370633555345	42.2073741466138	-7.41153882242124	0.953189987394332	16764.7266487633
3.11779014283680	1.98004602913929	0.941802692895770	0.457140915283789	0.0576666610939940	1285.97244604628	11031.5142900891	32.1548932764763	-74.7900482329293	49.3341571257481	-6.93584191547441	0.947977343135545	16403.2853266338
2.90203347976912	1.95009956511892	0.974641053782675	0.469068439453598	0.0181100991500857	1276.58354691500	10626.0565646112	35.5710322351348	-74.6829088046958	49.6336129169061	-8.59349851360677	0.858182347794089	16377.0284626131
2.79151873028812	1.89928635382733	0.973789896769347	0.433437597756917	0.0451167057830373	1298.88277018490	11504.6960479748	36.0572969404908	-74.6193784478890	49.0686263363069	-8.16166020402167	0.878004094244307	17953.2353793381
2.93179735420155	2.02419268378609	0.967145884083750	0.427556002674978	0.0228842580571956	1285.53639791105	10558.3172915484	33.5991088715302	-74.9590722522739	47.4765653685216	-7.29841464371970	1.01692900792036	17869.0603469089
3.01477985304344	2.13861831844562	0.967922337583904	0.446884486658593	0.0613077022047485	1287.85233171935	11373.0688443062	30.2376951123910	-74.6181043732082	48.3123673253127	-7.86134434589218	0.846617933327292	16054.4747935705
3.20897406270004	1.93395732277087	0.931857949771945	0.443208498537251	0.0684951913050824	1275.55021248365	10710.8692285168	33.9304709411803	-73.8873220385410	47.1241843700709	-8.07697541571790	0.955234661277902	17890.6785454133
3.17240386255822	1.98487582948773	0.964984943217243	0.432866002820076	0.0301832929998562	1295.98844242090	10909.4213518196	36.4547869500860	-74.4393776287576	48.6325218390172	-6.39147567827725	0.921136408024978	16667.2599213775
3.01637538168065	1.98653375200510	0.966717964469092	0.460652118059062	0.0505899531818850	1293.06857595500	10599.2582350147	30.4839340152598	-74.7272745224482	45.1079929841187	-8.52759526194217	0.984683366125908	16395.2844727702
3.16489478528965	1.89423389424900	0.932675492477362	0.456166543094621	0.0368693970554178	1272.90680467423	11146.2637748303	35.0071257385346	-75.1371008124336	42.3138250597299	-8.26117583973370	0.950665183141239	17280.1862426278
3.11477281421019	1.97709999676054	0.975540917846561	0.460727684250936	0.0307372149236121	1296.79308428007	11017.5594603754	28.5562685711522	-74.7710017877166	49.9149228134909	-8.22744203535624	0.983224627450471	16405.2931851128
3.09727783501904	1.87803430027148	0.968169808797568	0.445106335740650	0.0330191109988783	1272.07037679866	10928.5368881531	39.2049702002349	-75.4132833427184	47.5886230853125	-7.01778238736121	0.968985348427710	17026.4862387391
3.15209937075602	1.91054611263383	0.949874659128552	0.499578136946953	0.0136049642112521	1285.92725184084	11140.9504337002	33.1797548685982	-73.5614835149811	46.9152815987792	-7.09112766493529	0.955172415729738	16466.1528187003
2.89042091239313	2.08319186540884	0.986087494162728	0.458443349385545	0.0102078424176091	1273.98470589688	10669.7129713453	30.8134529624447	-74.6611685366619	46.5778027529243	-7.11130094949140	0.923802032440916	17774.3961726236
2.83391482465700	2.01628155777537	0.957435085741208	0.454190905648615	0.0481783876134951	1290.28885464170	11037.2453505336	26.5462736385867	-75.0020755318989	46.5212470383711	-6.60492490443620	0.952074621804964	17164.8471719761
2.96552448053541	2.06150844056261	0.968395786558700	0.447701810990563	0.0363526599149886	1274.06319736472	10993.4660381990	25.6318340832372	-74.7863151576230	44.4482277502282	-6.88396345295442	0.984299463281772	17132.7133470673
2.87436460726202	1.84432903146879	0.976543976803075	0.453564720131892	0.0377177478185166	1289.85386043299	11657.3772818950	35.3092681364970	-74.9158819648477	45.3721931612120	-5.87199120309658	0.964837598915219	17368.2485780646
2.96173558296551	2.08952324567470	0.975879234983480	0.468528134527560	0.0255143652023505	1289.79970306748	10726.3882348492	37.7426903140795	-75.0205587284195	44.2022979085942	-8.09136410541296	0.858832998451759	16623.5222185570
2.94230328553331	2.10105054817934	0.949584386633674	0.481041323367821	0.0284084352064517	1286.18892042457	10815.8664391865	36.3038567862021	-73.9847157185471	47.5248761062456	-7.41748109003692	0.904756618232575	15941.5333238091
2.94265433042471	2.11519753259281	0.957444085698649	0.487267415212024	0.0236876972116832	1270.44406344710	11404.4498843269	31.1545543924254	-75.2457897050662	42.9573697473884	-7.46699286819583	0.851765732007120	17982.2729511432
2.96865538388843	2.00373651597328	0.964986846323491	0.462142199666939	0.0506889624659640	1289.18822045238	10995.8682356152	29.5609488787362	-75.2211151632563	41.3412689481031	-7.67116458051450	1.01431310999732	16346.9929266054
3.14592997064446	2.01723866798903	0.939108563708798	0.448019167361685	0.00829075305615091	1279.85485072042	11209.4363636942	31.6121109627746	-74.0501445313654	46.0626154707604	-8.33627806657872	0.879123531807551	16487.2825008821
3.07215157812538	1.89614181927411	0.934174952734108	0.433319586626369	0.0523242809357598	1275.24910509690	10961.7495786694	27.5599917340887	-74.1998459388613	50.0553396537527	-7.44667071277837	0.942966106374892	16043.9377279497
2.90340474830674	1.92044218417593	0.965657720290978	0.442136678517459	0.0423274114087895	1279.85852113278	11045.6577454287	37.6769368194299	-75.0290747870631	46.2739330269459	-6.96534530062951	1.01050813034741	17422.9925201603
2.92710392985803	1.97452612485870	0.945654381836438	0.450810953113838	0.0353726658971680	1291.03484697258	11085.8981064901	29.0034171109427	-75.1921789014740	41.8043867507460	-6.52784034179794	0.875438986321002	17008.1557894600
2.90515806169079	1.97179399988870	0.977300659891423	0.476726822781142	0.0280798859378210	1283.17778768353	11166.0707269811	34.8596187994472	-75.0396078304674	47.8765162599255	-8.08569771154632	0.876982330656488	16807.5507232954
3.00330310600534	2.09361782335275	0.962102784239216	0.465742003794898	0.0222503911742044	1286.04664332456	10953.9666582207	34.1166681474564	-74.7836543162197	44.8734537408717	-7.67040356568831	0.898221664849186	17001.5370586108
2.91784871769986	2.11632016843433	0.936080277644763	0.440202299779330	0.0616465636226126	1291.19877266794	10905.6939403757	31.5882693098955	-73.9942344554228	51.5311640331080	-6.04838375632272	0.894514731716573	16780.8483388477
2.99890391489722	1.96191850978101	0.954419399464396	0.478976070252202	0.0527665894597286	1280.31972009387	11023.7558770121	32.7896983793156	-74.4491907533266	42.4854285381660	-7.04308429735233	0.976742813856873	17427.3124513583
3.13231199699540	2.10300728543535	0.941300669426967	0.447621115704262	0.0207601659336978	1268.52846362169	11002.7599813753	32.2582881298372	-75.1785810298129	42.8278455521910	-7.45977419085679	0.961509711447797	17228.9715439193
3.01538623125143	2.04731192688475	0.959566872420846	0.441541881409129	0.0641332244458541	1285.86643905172	10830.6347173158	37.6340904701222	-74.1372392841554	44.2305569575684	-7.33459648888255	0.968678191635928	16300.0020786317
3.02774682298164	1.91591983594627	0.968315907629980	0.449280265445507	0.0451005419219290	1297.46963604486	11071.2254167027	28.0775714763193	-75.0324250776889	49.3224574568318	-6.49114252752192	0.964616536769629	16294.0473938734
3.10762416981024	1.95027239224923	0.984333426233237	0.474100594303425	0.0390816545830360	1272.58998109253	10671.9265178802	38.8131851996246	-73.9922848895628	42.4982680727808	-7.51059575851507	0.920970003938221	17613.8388144142
2.89488564672988	2.08271099044927	0.933431672147975	0.426586999767390	0.0299722213730182	1301.06737852626	11070.4930335683	26.3260070720916	-74.4016073665179	43.9033675115488	-6.93888565463839	0.986644575292056	16200.1809928598
3.17357980654907	2.01282153181971	0.938518538344071	0.444308657913230	0.0666131924577782	1275.02253251203	10907.3728989287	25.1764625716439	-74.0180684223090	49.9455991970643	-8.16178621571443	0.925442287859186	18035.9327354991
2.94310863769532	1.92608558333939	0.963198988862148	0.439664516265810	0.0165861937715462	1280.61976102430	11431.1476717106	23.3346945710242	-74.9710304773323	44.2331703046546	-6.56785957925727	0.903449208135769	16552.0101049768
2.94350150645914	2.05391023772479	0.975236710290553	0.476248327744648	0.0485231465526359	1275.59358105283	10401.0756985311	31.6709347258674	-74.8580688826436	41.9272594003380	-6.73108135686463	0.933587180247213	16994.0809686462
3.11793984500340	2.04148614152510	0.975709632455625	0.453195873658385	0.0288148979665543	1296.54866642025	11162.2727854508	34.4923788138571	-74.1912219276114	44.8112167330375	-8.27377002939679	0.990282754006893	16652.2699283068
2.96375319896639	1.94680313198352	0.972593148222164	0.461535643766830	0.0591924993046023	1272.80229996352	10940.0535099532	31.6356091369515	-74.7828704778599	46.0956607876173	-7.71918119023987	0.905250516743955	15962.7470195416
3.13970265431714	1.93408479693949	0.949975333421679	0.455918054302960	0.0708939671469054	1282.63036618336	11216.7877381525	33.8626125087995	-74.5093642597475	44.4180666054745	-7.17338548241887	0.996631571440437	16576.6901061116
2.91679427675149	1.89925944762958	0.980106041476569	0.473799297155312	0.0360764124494903	1291.06985008243	10492.0471173204	24.1164480531927	-75.0105743394909	49.1992673513871	-8.73139206867067	0.856757569834142	16991.4169988914
3.11867537430316	1.97523504746150	0.934344642982180	0.452434990993181	0.0180410324637734	1289.35158257075	10421.7515713937	27.0561719778155	-74.9064748148188	46.5023935935340	-8.40391782920641	0.933706850130633	16855.4146740754
3.10221530772587	1.92814342474899	0.945352869623712	0.478747621388344	0.0265682287258440	1290.60625598539	10566.5635365096	24.8669354699129	-74.8021405030067	48.4587653801989	-7.72864008954610	0.959067525658885	17750.8248376294
3.09085907098556	1.97061915534610	0.991316724593163	0.474289087022069	0.00128895030646929	1272.39251606087	10977.6913054849	35.5850242220525	-73.9177239725705	40.5130623418203	-7.73102536181848	0.876000559982733	16899.1205450136
2.98868134824158	2.03013391513407	0.937470909950013	0.460920661536006	0.0287340942017923	1277.92582596211	10719.4861249890	35.6566774033495	-74.0775760899359	46.0600844684365	-6.38938113554357	1.00575282691155	17376.8893098502
3.07721246318808	2.07489550781538	0.970908387523158	0.468941442482927	0.0242615365026872	1282.70558371765	10938.1983842516	24.8198447516366	-74.2074511126762	43.5303097021225	-7.79718828361092	0.928153662706707	17591.0028801669
2.95877950081680	1.96274641277769	0.979453443268068	0.486280259471055	0.00674156078684693	1284.57878549564	10868.4037220732	32.1891969268714	-74.9268338917979	47.3797253991566	-6.50985890997027	0.854187632490232	16477.8336772649
2.87954825856660	1.99075583304404	0.981294466233826	0.450030361410948	0.0308280571592983	1285.31130588683	11392.3185782219	27.5141547705645	-74.6929266283171	49.9030354200816	-6.12433872114070	0.902117821237306	17021.3493772080
2.93834187342597	1.96309732174492	0.960534202835310	0.454546951233603	0.0279646899070161	1293.20537020265	10907.4274783360	29.0428036974021	-74.5904350002500	41.1120129745204	-6.26645763670609	0.957820233766983	16198.7241063914
2.94954978704030	2.03014614037914	0.957321645899013	0.468577019006184	0.0529678362862304	1282.70367070714	11216.4651890633	33.3341870363693	-74.6202257190625	46.8055521506680	-7.95349559736792	0.914035833881423	16069.7313977249
3.10633201795693	1.97369782268753	0.955524842202887	0.480640984346563	0.0583749050703649	1282.63852010490	11307.4523247315	32.6802860274954	-74.5158987046693	50.7604594922936	-7.56990962884542	0.975252566126880	17657.3789868737
3.10827025275626	2.02308548466266	0.956463449500075	0.456426776620078	0.0741319833621465	1298.00243341762	10479.5125272514	33.8871055600440	-74.8091468610001	51.5320564789512	-8.22047051804604	0.888287151109927	18297.1055042353
2.97358437321098	1.88536277037132	0.956337147458321	0.455363751488767	0.0211047599984943	1283.56350812438	11147.9613844696	28.2604349246222	-74.7105754280985	43.5216740944143	-7.17300115035935	0.945726619600798	15949.8257890771
3.05751892988780	1.99035875388081	0.942421429813188	0.486065537429386	0.0266874538060447	1275.28166293795	11192.9418502783	32.7909279589863	-74.7228080319690	50.0521966715848	-7.29881316697032	0.871366778419589	15679.0972937472
3.20446143710801	1.96648845382446	0.969721252290274	0.457095226517514	0.0601880432378366	1275.07002502878	11062.3919679495	38.1667850315540	-74.3193753951425	50.7267001542553	-7.78220609601465	0.940907030456144	18242.6576837398
2.84058591043113	1.99315670221501	0.947722463871460	0.458140179130685	0.0592821874133193	1275.46509823813	11155.7253507344	33.8365718922094	-74.4222320480278	46.8654057315493	-6.97349113569871	0.991352189204015	16589.2450418322
3.03934026650559	1.96155512922777	0.952235113632148	0.437362006089112	0.0423406587729359	1275.54959378031	11205.9262803642	38.1780364836147	-74.5865306607355	43.0119138263650	-7.93894348901697	0.955731529726348	15341.8165042622
2.94002264710614	2.10582696747253	0.956220122955543	0.425278737157560	0.0268043877001103	1294.39782494294	11079.5546491820	25.5227997336897	-74.5936441254266	48.2227385004558	-6.68251535456890	0.977223613218580	17465.2309445520
3.07297520686045	2.06416814058100	0.960769027981208	0.484060789205965	0.0479280146705746	1298.59485359490	11093.0875901190	28.2283852374221	-74.4319139895374	48.0102041131789	-6.10855082477352	0.920104313691719	16426.5380696696
3.05195797377324	1.91085479068999	0.968001105731359	0.426005687804223	0.0514276294505044	1289.94855018731	11158.9403393815	30.7954253486469	-74.6754309700228	52.5838915300458	-7.20062013351770	0.907714462683069	17129.5607264619
3.10198387315706	1.99114087875088	0.972056923430577	0.474460913902424	0.0203492585488034	1286.99778975002	11107.7865608548	32.7347594606652	-73.6208181498463	51.9086455993698	-8.52465833103998	0.954967206132726	16447.4216113417
3.26707925416130	1.97467350664750	0.965857173691275	0.449445013289524	0.00232547205291620	1274.42723283377	10806.2365914890	26.2684604115563	-74.8789261124187	45.0222518523312	-6.21638507156481	0.901953170145932	15670.9894511657
2.91959101312702	1.95108407469536	0.939920271979741	0.430915764693562	0.0477422276165908	1291.06546952377	11035.3162024519	27.3230133962585	-74.8095317534665	48.8300610862568	-8.44118272106415	0.917409788729046	15953.9220766938
2.85881095843614	1.89707484194095	0.974567926437855	0.470640149360444	0.0373880992145142	1276.30662016464	10536.6739823251	27.2752965617912	-74.2491792893002	42.8095906995589	-7.76818629066822	0.947102631859499	17714.8172523096
3.01944041884813	2.01233461154839	0.977611950166455	0.470555041911544	0.0348652563841899	1301.79543430888	11627.1740587174	31.7528577613516	-74.4300964950444	43.6892353170034	-7.11080462266790	0.955138233541501	16604.3124454156
3.11634734160286	1.89318881220685	0.952876035343283	0.462317862502469	0.0281184593956089	1284.79121220888	10760.9787964330	30.9630657739769	-73.7697861807549	50.5408305243528	-6.16532110423495	0.881273000649420	16283.1216327491
3.03611272316065	2.06962439932973	0.979880925793176	0.456183068894806	0.0217243068354613	1286.90334690839	10657.4393648293	34.2193412953992	-74.6211423735082	42.6973140306665	-7.54733580430919	0.950001782398416	15317.4632330139
2.89258093967743	2.09453261520323	0.959251774304019	0.447402705413423	0.0617410283514886	1265.41808617835	10579.9343576654	26.9687769985708	-75.0513092665109	48.2964457865404	-6.64196530932974	0.896507645575464	17597.7968947460
2.92605272085730	1.98909987494982	0.971779787638242	0.451526577222817	0.0574889816219889	1284.50467969198	10569.2321242504	39.7351709844254	-74.7511170706952	47.9644045100674	-6.70780333677580	0.959764702041787	17127.2251235277
2.87265349805212	2.02767588979211	0.953008843091488	0.415673891577570	0.0261808825575435	1269.92987932154	10730.1966326699	32.5233723246291	-74.4502680136993	44.1181764086798	-7.48289183174425	0.913237816242315	16304.7567839354
3.07792725381344	1.99037911336134	0.968271477977223	0.443816957606363	0.0350866951085842	1297.21988604544	11204.7766580897	27.2977173370482	-75.4013521577410	45.9505548265081	-7.25368886096854	0.853359189723137	16131.1468770451
2.95383759714625	2.01647825754147	0.945176546603467	0.460411522594162	0.0397436674026410	1270.37874405729	10761.8013702762	22.9718275380790	-73.8714056125752	46.6261560781949	-7.85945526016333	0.965097732332320	16708.5371549731
3.08180859750880	1.92002584797621	0.941938232348513	0.475856541761069	0.00272170151599285	1277.11626079986	11027.1585445173	31.1285975633652	-74.4732939525925	46.3218580257366	-6.72183588788007	0.930174281325274	17334.4524626395
2.99894049789286	1.95727036057707	0.971572343361933	0.460559217426139	0.0464076161381784	1298.47626282681	11471.9314467936	24.6310303342756	-74.8780052108724	43.9992259647915	-6.87043569639618	0.939597563943138	18368.1543634925
3.01818657398417	1.98342647638977	0.948034802574357	0.456025055128440	0.0315050704017253	1278.37458223239	11013.1973901185	34.6721133988734	-74.5809623244052	49.5959025354867	-7.56506571674195	0.901987035700968	17670.9269750200
3.09397243116214	1.93415399789463	0.961079181702351	0.445460968675752	0.0423409451614641	1301.57045792564	11004.6599208042	30.3535426278303	-74.6237940145829	46.8778274151781	-8.24649862341458	0.887822492963945	16164.5146809308
3.13597303972830	2.06005568515056	0.961672944938145	0.465408517585834	0.0431967958988745	1276.36916807585	11601.1718355868	32.4385334326666	-73.8404025934022	47.3801023019044	-6.47765515612079	0.941760230911899	15895.7989848807
2.96966844673845	2.10369984184896	0.956830425627303	0.435856538451045	0.00846467689565088	1294.84353834248	10704.9883206407	29.1354895702308	-75.0978172426678	51.9383220531543	-6.19065214460009	0.880416960032581	17108.5429016754
2.88024107964786	1.96616166582914	0.960156382856751	0.441339726816622	0.0310742063573997	1276.98237977016	10850.8540432860	33.0806695696764	-74.5181425542559	50.3246003083423	-7.37241686083898	0.878926611681141	16123.2370700748
2.99491200398341	1.86885144513864	0.932342734972102	0.471033968711013	0.0237395730292991	1272.61169422149	11013.7163228723	23.6674805814372	-74.7480145163403	50.4082000480982	-6.33938321099448	0.944482770663109	16510.7743533904
2.97445871750410	1.98071948246667	0.974000201191522	0.452991694536923	0.0365437948842773	1281.23314694036	11617.7493630725	32.6493977990995	-74.8011878137274	49.3525679968461	-8.35123069393702	0.929307549588932	16722.7232686061
3.10074328182771	1.93577407892456	0.969376721954719	0.457949569630770	0.0461742007453763	1287.88711357374	10716.3917407439	31.8077049780512	-73.9745957627482	45.3463818250369	-7.43935430155923	0.903543255713579	15862.5133846995
2.94778090352766	2.00877939108988	0.962371592012936	0.475980374610004	0.0522174471232414	1270.51760431593	11714.5585038752	32.3561695629110	-74.6673447642296	49.8524203266166	-7.60299829152739	0.947267662941931	16946.9922618688
2.99060621385252	2.06691198642809	0.987320865112608	0.446889254866264	0.0413340036762757	1290.03111857830	10708.0106623401	36.5037701565237	-75.1039666673491	47.2793005527352	-6.30455269423017	0.957710791546480	16623.5665026527
3.23362863634675	1.99512506897423	0.957817757735098	0.423355383961251	0.0251978483016194	1268.42610922072	11484.7489818039	32.1629420428937	-74.9591517312496	46.3882990046937	-7.50146058245864	0.868117877857525	15322.2305020792
3.07606246794557	1.97304890161780	0.987434464736254	0.444788915581123	0.0190604756514362	1287.12053701671	11026.4745128508	29.9595742257826	-74.7606016307002	43.4486487207001	-6.81441829428385	0.895294093796329	17376.9268514898
2.90484900736888	1.95327771144204	0.974444394335360	0.485825329456272	0.0600461488503134	1278.01882010817	11198.4675048115	31.3883848774292	-75.0310975127716	47.3521122366043	-8.31843229415588	0.905842696268856	17513.5774510247
2.99710409507446	1.99468083316098	0.951680401070949	0.467289250424367	0.0392435325025935	1285.30408012790	10821.3140719562	26.9429414626999	-73.6107318909515	47.2004069844065	-7.17224307578951	1.00196567416329	17170.0181587266
3.02975793267289	2.04289519570412	0.947355790393734	0.426604467466704	0.0386918088740923	1293.04425279631	10692.6731358006	33.9159032222753	-74.9786416783961	47.9986874261370	-7.03102565407765	0.957215542232662	16468.7572685890
2.97278680560817	1.97579640197690	0.960213215867528	0.446040135705732	0.0494719510399078	1284.57185227093	10666.1691639927	40.2726039898250	-75.2564730615056	43.2096788165484	-8.09725489236506	0.927806864672276	15759.0438703781
2.77056804341105	2.00263711316066	0.938698515101818	0.416337407699557	0.00350796811644892	1285.94332556220	11112.1144256054	29.9619739544519	-74.8108259987796	50.8190773762231	-6.05366803667322	0.912250117221994	18138.7882336596
3.02310011387800	1.91378208345599	0.944773438947319	0.439676430577525	0.0520196464194217	1288.99623864574	11664.9311112468	34.8586267641127	-74.6696665922248	47.2557076231676	-7.03569329532355	0.963387933407666	16505.0219709286
3.11889660431341	1.89145181403218	0.920854793778187	0.439061864885812	0.0329980221415782	1296.16827141407	10531.1088595749	31.4467986103415	-75.0050559814248	47.2376236607017	-7.44728317620808	0.913834493978004	17793.1523256361
2.89090958663198	2.04589759045215	0.982954440305533	0.440137596680702	0.0277667050742488	1272.45472628785	11307.7503423993	30.7312963035304	-75.2582212116112	44.1437405163384	-7.75965740086700	0.871950267812041	18048.5012709710
3.08363771678334	1.98007746537990	0.967181754995632	0.460983322158898	0.0162935181448421	1278.65977952345	11469.7614738262	30.3114539392846	-73.7638805525799	48.4300929701474	-7.49539541586134	0.926776465387575	16458.4457109215
3.01929291056791	1.95968956031726	0.941043717160093	0.466887486591728	0.0131592523967686	1288.34947836749	11152.1898217107	37.5365137639040	-74.8497099363374	47.5377781360897	-8.21349720144382	0.945344572719461	17498.5229537843
3.02962910953714	2.02310061614370	0.962569470954015	0.435953208818046	0.0715981778038347	1301.04192954348	10799.3617250752	31.5646150339177	-74.4696052665967	52.4500453197331	-6.42815588454830	0.882558597526928	16224.2689499377