5.71952400 75.50095200 84.31809500 0.92809500 0.83095200 0.25190500 0.22095200 77.01238100 45.39904800 1.01619000 0.10238100 0.29047600 2.62381000 19.47619000 2352.35549487
5.66238100 80.24523800 84.32523800 0.95190500 0.83761900 0.24761900 0.22238100 77.21095200 50.02285700 1.04952400 0.09476200 0.36190500 2.64761900 12.09523800 2212.00000000
5.92523800 70.25381000 84.53857100 0.83761900 0.80047600 0.24428600 0.21619000 77.38142900 52.37000000 0.96381000 0.09428600 0.33333300 2.67619000 12.09523800 3065.52381000
5.62952400 81.94571400 84.40571400 0.95666700 0.83857100 0.24904800 0.22333300 77.21000000 49.49714300 1.05047600 0.09523800 0.35238100 2.70000000 23.19047600 2271.04761900
5.95047600 72.17381000 84.44761900 0.83285700 0.79190500 0.24571400 0.21666700 77.24428600 53.11666700 0.98761900 0.09714300 0.33809500 2.54761900 12.09523800 3241.57142900
5.93619000 72.41333300 84.46904800 0.83428600 0.79095200 0.24619000 0.21714300 77.22904800 53.17904800 0.99381000 0.09714300 0.33809500 2.49047600 23.19047600 3306.71428600
5.93666700 72.20571400 84.47428600 0.83523800 0.79238100 0.24523800 0.21666700 77.25190500 53.09857100 0.98666700 0.09666700 0.33809500 2.56666700 12.09523800 3001.19047600
5.89000000 68.31047600 84.54142900 0.84904800 0.81047600 0.24523800 0.21761900 77.39761900 51.12142900 0.96761900 0.09190500 0.34285700 2.76666700 12.09523800 2613.80952400
5.93619000 72.06571400 84.53619000 0.83095200 0.79333300 0.24523800 0.21571400 77.31333300 53.03190500 0.96857100 0.09571400 0.33809500 2.74285700 12.09523800 2755.19047600
5.92142900 72.39619000 84.48047600 0.83571400 0.78904800 0.24619000 0.21714300 77.18428600 53.04428600 0.99857100 0.09714300 0.33809500 2.44285700 12.09523800 3255.14285700
5.88476200 67.58904800 84.54428600 0.85047600 0.81381000 0.24761900 0.21809500 77.41047600 50.33952400 0.96619000 0.09095200 0.35714300 2.74285700 23.19047600 2631.04761900
5.88000000 67.35714300 84.55571400 0.85571400 0.83142900 0.25714300 0.22142900 77.36428600 48.25428600 0.97285700 0.08571400 0.31428600 2.58571400 23.19047600 2683.85714300
5.91809500 72.07095200 84.47428600 0.83666700 0.78904800 0.24619000 0.21761900 77.15428600 53.15381000 1.00285700 0.09761900 0.33809500 2.43809500 12.09523800 3318.52381000
5.87631600 66.33105300 84.54210500 0.85473700 0.81894700 0.25052600 0.21947400 77.43473700 49.26894700 0.96473700 0.08947400 0.36315800 2.74210500 23.19047600 2558.15789500
5.90238100 72.31142900 84.48952400 0.83857100 0.79142900 0.24904800 0.21857100 77.20571400 52.87666700 1.00523800 0.09761900 0.33809500 2.47619000 23.19047600 3371.76190500
5.88666700 70.83047600 84.46190500 0.83857100 0.79190500 0.24857100 0.21904800 77.17666700 52.17619000 1.00190500 0.09761900 0.34285700 2.45238100 23.19047600 3433.57142900
5.88285700 70.94047600 84.46285700 0.84142900 0.79619000 0.25047600 0.22047600 77.22047600 51.82095200 1.00333300 0.09714300 0.35238100 2.41904800 12.09523800 3455.95238100
5.75190500 74.18571400 84.38523800 0.88333300 0.80476200 0.24761900 0.21571400 77.00809500 49.85619000 0.95952400 0.10428600 0.33809500 2.54285700 12.09523800 1026.00000000
5.80545500 74.45818200 84.35454500 0.88000000 0.80909100 0.24818200 0.21545500 77.09363600 53.58636400 0.94272700 0.10727300 0.40000000 2.46363600 23.19047600 573.45454500
5.75381000 75.20714300 84.35809500 0.89095200 0.81190500 0.24904800 0.21666700 76.96666700 48.39714300 0.96285700 0.10476200 0.32381000 2.51904800 12.09523800 1466.57142900
5.87904800 71.08381000 84.46000000 0.84285700 0.79904800 0.25333300 0.22142900 77.26761900 51.48190500 1.00571400 0.09714300 0.37142900 2.37619000 23.19047600 3563.80952400
5.88000000 69.10000000 84.56000000 0.85333300 0.83666700 0.26333300 0.22333300 77.22666700 47.72333300 0.97666700 0.08333300 0.30000000 2.16666700 23.19047600 4065.66666700
5.79666700 75.91444400 84.41333300 0.87777800 0.81222200 0.25111100 0.21555600 77.27222200 53.60888900 0.93222200 0.10666700 0.40000000 2.48888900 12.09523800 699.77777800
5.77190500 74.94000000 84.30095200 0.89809500 0.81714300 0.24904800 0.21761900 76.94857100 47.49190500 0.97666700 0.10381000 0.31904800 2.52857100 23.19047600 1626.19047600
5.81400000 72.37933300 84.35600000 0.87866700 0.80200000 0.24533300 0.21400000 77.05400000 51.86466700 0.95466700 0.10533300 0.37333300 2.36000000 12.09523800 1075.40000000
5.75190500 73.46523800 84.39142900 0.88142900 0.80285700 0.24761900 0.21523800 77.05952400 49.91095200 0.95857100 0.10428600 0.34761900 2.50000000 12.09523800 1195.66666700
5.77095200 74.84619000 84.31000000 0.90285700 0.81904800 0.24952400 0.21857100 76.96000000 47.07952400 0.98523800 0.10381000 0.31428600 2.54285700 23.19047600 1730.00000000
5.67333300 76.20428600 84.26238100 0.95190500 0.84381000 0.25523800 0.22428600 77.08381000 44.95238100 1.04333300 0.10238100 0.30476200 2.71904800 23.19047600 2650.57142900
5.79352900 72.25588200 84.37235300 0.87882400 0.80058800 0.24588200 0.21411800 77.04529400 51.07823500 0.95882400 0.10470600 0.37647100 2.45294100 12.09523800 1153.23529400
5.73666700 75.20952400 84.31428600 0.92000000 0.82666700 0.25047600 0.22000000 76.96047600 45.73904800 1.00714300 0.10285700 0.30000000 2.58571400 23.19047600 2225.52381000
5.71571400 77.36714300 84.51714300 0.88000000 0.81142900 0.25142900 0.21571400 77.28714300 53.36571400 0.93000000 0.10571400 0.40000000 2.47142900 12.09523800 899.00000000
5.66047600 66.10190500 84.53333300 0.91333300 0.82571400 0.25381000 0.22523800 77.16666700 49.69476200 1.06381000 0.09047600 0.32857100 2.39523800 23.19047600 3045.33333300
5.86571400 71.26095200 84.45857100 0.84476200 0.80142900 0.25571400 0.22285700 77.29666700 51.32666700 1.00761900 0.09666700 0.36666700 2.38095200 23.19047600 3557.61904800
5.65857100 66.80904800 84.53333300 0.91142900 0.82714300 0.25571400 0.22571400 77.19047600 49.71666700 1.06381000 0.09047600 0.32381000 2.39523800 23.19047600 2864.95238100
5.85238100 71.31428600 84.46857100 0.84761900 0.80476200 0.25809500 0.22428600 77.31904800 51.03761900 1.01142900 0.09619000 0.36190500 2.33333300 12.09523800 3532.33333300
5.70200000 77.11200000 84.60600000 0.88000000 0.81000000 0.25200000 0.21600000 77.18800000 52.95000000 0.94000000 0.10400000 0.40000000 2.38000000 23.19047600 1242.60000000
5.75809500 70.80333300 84.49095200 0.86857100 0.81952400 0.26428600 0.22952400 77.35238100 49.85428600 1.03476200 0.09428600 0.36666700 2.36666700 12.09523800 3184.04761900
5.65857100 71.30428600 84.55904800 0.89000000 0.83381000 0.26714300 0.23047600 77.44190500 49.23619000 1.03714300 0.09047600 0.33809500 2.45714300 23.19047600 2839.57142900
5.67952400 72.00285700 84.56428600 0.88142900 0.83381000 0.26904800 0.23095200 77.44571400 49.33857100 1.02619000 0.09142900 0.33809500 2.45238100 23.19047600 2781.76190500
