1.99896330
3.15655670
2.50694355
2.74955301
2.79081322
2.01939018
2.93410447
2.97775335
1.67956012
2.25294669
2.30517124
1.88072818
1.67489583
2.27997105
2.32315830
0.96123085
2.55660429
2.28711651
1.78249921
1.50804050
2.55403598
1.84637701
1.13308968
1.58153520
1.75385279
1.29251288
2.50897042
2.57946840
0.95447903
1.70447403
1.53137545
1.81155057
1.14942748
0.64574740
2.24588974
1.22568161
1.05690040
1.66721860
0.53322753
1.17295120
1.31663158
0.47452171
0.72377954
1.05202637
2.16009515
2.23419564
2.30984848
2.08457287
2.77605699
2.85834823
1.98497546
2.75105100
2.25493210
2.75782579
1.07349014
0.98885991
1.66415290
1.78688302
2.53345269
2.60328832
2.19885364
0.95454469
0.78038737
0.93101040
1.69249450
2.39621030
2.13489544
1.08353650
1.12043916
2.00773735
